0 0.1465354495578342 0.3291396379470825 0.12561043633355035 0.09585967063903808
0 0.29954444037543404 0.6463715553283691 0.12615203857421875 0.05012426376342773
0 0.3948415120442708 0.12313715219497681 0.09291008843315972 0.05825350284576416
0 0.17707934909396703 0.8468387603759766 0.12271991305881076 0.053064727783203126
0 0.1033032735188802 0.1333185315132141 0.09484057956271702 0.07245767116546631
0 0.2116270701090495 0.28293299674987793 0.12445585462782117 0.049705886840820314
0 0.25711534288194443 0.4470944404602051 0.12539571126302082 0.050062370300292966
0 0.12519056532118056 0.5955582618713379 0.10351545545789931 0.043134307861328124
0 0.9648891025119357 0.7060280799865722 0.07022179497612847 0.038259124755859374
0 0.6867575751410591 0.2091494083404541 0.11204766167534722 0.050394201278686525
0 0.49104961819118925 0.24352357387542725 0.08859965006510416 0.06363406181335449
0 0.26867251925998265 0.3576839447021484 0.10327317979600695 0.07617568969726562
0 0.0634447733561198 0.9689916610717774 0.11485697428385416 0.045729446411132815
0 0.7953131781684027 0.5623797416687012 0.07621968587239583 0.05033693313598633
0 0.765149180094401 0.518639326095581 0.10251973470052084 0.04096202850341797
0 0.41837819417317706 0.8769186019897461 0.09664849175347222 0.057564926147460935
0 0.31307767232259115 0.1504063367843628 0.06404410468207465 0.05541658401489258
0 0.6525262620713975 0.15572810173034668 0.14279666476779515 0.06448254585266114
0 0.9636425018310547 0.9449491500854492 0.07271499633789062 0.03859977722167969
0 0.6823692321777344 0.2576554536819458 0.09012705485026042 0.033034753799438474
0 0.07602212693956163 0.45475063323974607 0.11561372545030382 0.04456949234008789
0 0.805153571234809 0.2518842458724976 0.07135891384548611 0.061557340621948245
0 0.7824522230360244 0.7059300422668457 0.08594156901041666 0.039674568176269534
0 0.2550751580132378 0.11387896537780762 0.11020219590928819 0.04013347625732422
0 0.9289721171061198 0.7848292350769043 0.07826639811197916 0.029736328125
0 0.714733378092448 0.6528945922851562 0.10588955349392361 0.05311727523803711
0 0.4359681023491753 0.22402825355529785 0.06671210394965278 0.049458885192871095
0 0.43206253051757815 0.27244887351989744 0.11269599066840277 0.05386667251586914
0 0.4274388631184896 0.9372467041015625 0.13204718695746528 0.05114326477050781
0 0.3735441419813368 0.6757137775421143 0.11316867404513889 0.05776901245117187
0 0.6763807508680556 0.8802614212036133 0.15115763346354166 0.042756271362304685
0 0.35520248413085936 0.22921428680419922 0.11623433430989584 0.04235372543334961
0 0.828279791937934 0.7257449626922607 0.07474127875434028 0.04387617111206055
0 0.5806847466362848 0.19431161880493164 0.10020887586805556 0.054647064208984374
0 0.022640736897786458 0.12116515338420868 0.04496883816189236 0.05332093834877014
0 0.34359959496392145 0.4757870674133301 0.09409896002875434 0.052301216125488284
0 0.6976275973849826 0.3393098831176758 0.08758375379774305 0.038872718811035156
0 0.6103885226779514 0.6576615333557129 0.07752583821614584 0.05481395721435547
0 0.3196215311686198 0.19623117446899413 0.14307403564453125 0.044504404067993164
0 0.04097298516167535 0.7646125316619873 0.07710164388020833 0.047323417663574216
0 0.8327563815646701 0.4902843475341797 0.09833221435546875 0.04650402069091797
0 0.5003231472439236 0.3034057140350342 0.1044158935546875 0.06004247665405273
0 0.16714002821180557 0.7725353717803956 0.0922483656141493 0.037498760223388675
0 0.9460608588324653 0.5910320281982422 0.09317864312065972 0.03492155075073242
0 0.8686735365125868 0.5750843524932862 0.08628370496961806 0.038335323333740234
0 0.02438329060872396 0.4297748565673828 0.048377312554253475 0.049205970764160153
0 0.9674713982476129 0.7424033164978028 0.06291978624131944 0.03714408874511719
0 0.3686574300130208 0.4032031536102295 0.121673583984375 0.04319353103637695
0 0.22203716701931422 0.21917815804481505 0.09265992906358507 0.09177654981613159
0 0.032350413004557294 0.5447202682495117 0.06224822998046875 0.04811916351318359
0 0.39523535834418405 0.364955735206604 0.10543721516927083 0.03912816047668457
0 0.5354604085286458 0.7152820110321045 0.07564832899305556 0.02922534942626953
0 0.6658338758680555 0.6912365436553956 0.10131462944878472 0.0380305290222168
0 0.2566430409749349 0.8603105545043945 0.0700958251953125 0.04063491821289063
0 0.7360699123806423 0.8050915718078613 0.08221367730034722 0.06475067138671875
0 0.5712130228678386 0.8469547271728516 0.09349043104383681 0.03951606750488281
0 0.6454427083333333 0.5538848876953125 0.043284437391493055 0.034200859069824216
0 0.984883287217882 0.802585768699646 0.030051337348090276 0.039916276931762695
0 0.3346794976128472 0.27226202487945556 0.11503516303168403 0.04780354499816895
0 0.04260406494140625 0.032593435049057005 0.07731068929036458 0.06487531661987304
0 0.7085856119791667 0.8144781351089477 0.13997531467013888 0.08514819145202637
