0 0.0790482415093316 0.4081279277801514 0.1580964830186632 0.061158943176269534
0 0.2614201863606771 0.023897188901901244 0.12735951741536458 0.04779437780380249
0 0.4992028130425347 0.7794065475463867 0.09244876437717015 0.06363582611083984
0 0.04289843241373698 0.08011413812637329 0.08478478325737847 0.07331597805023193
0 0.07734358045789931 0.6149411201477051 0.13675587972005207 0.052496910095214844
0 0.6639424641927083 0.7620809555053711 0.09950018988715278 0.07358722686767578
0 0.08735521104600695 0.14704594612121583 0.11596527099609374 0.08151788711547851
0 0.7957639906141493 0.7424771785736084 0.09167921278211806 0.07009868621826172
0 0.9211266411675347 0.17248480319976806 0.13152364095052083 0.06816120147705078
0 0.4524687025282118 0.5451653957366943 0.08879496256510416 0.07117919921875
0 0.3569893731011285 0.7889924049377441 0.11444753011067708 0.07204456329345703
0 0.952844746907552 0.3050041198730469 0.08955925835503473 0.05903406143188476
0 0.12063882615831163 0.5511887550354004 0.1169798109266493 0.07768716812133789
0 0.8580861409505208 0.09255192279815674 0.10240546332465278 0.061248397827148436
0 0.8225532531738281 0.25054230690002444 0.12187991672092013 0.05393991470336914
0 0.6920601738823785 0.9722684860229492 0.1405392116970486 0.05524177551269531
0 0.5549154493543836 0.5689181327819824 0.13709530300564235 0.06299018859863281
0 0.69390869140625 0.19652245044708253 0.13873155381944444 0.05764298439025879
0 0.6294038560655382 0.8130320549011231 0.1041378445095486 0.0405242919921875
0 0.6304747687445746 0.15484832525253295 0.09242774115668403 0.07045955657958984
0 0.39531275431315105 0.9653278350830078 0.10767686631944444 0.06371631622314453
0 0.274542236328125 0.2306692123413086 0.11137847900390625 0.06303992271423339
0 0.3006512959798177 0.9257250785827636 0.09933081732855903 0.052682113647460935
0 0.4682372199164497 0.8727124214172364 0.09895206027560764 0.04211616516113281
0 0.8894712660047743 0.46434698104858396 0.15328809950086805 0.05448570251464844
0 0.5349816216362847 0.15162652730941772 0.11790941026475694 0.058452391624450685
0 0.3122069148580023 0.8533128980606322 0.14520698157147333 0.06408352927556109
0 0.3504720020686648 0.5213312661206281 0.1042361852072885 0.05770882853755245
0 0.5687555948893229 0.42949566841125486 0.14921875 0.06028451919555664
0 0.6158280266655816 0.6791646957397461 0.13508826361762152 0.05490436553955078
0 0.8081555684407552 0.5162995338439942 0.13452267116970487 0.06341896057128907
0 0.40379884507921004 0.5953837394714355 0.13067915174696182 0.048268699645996095
0 0.9104305691189236 0.7735320568084717 0.13626064724392362 0.07666482925415039
0 0.31324471367730033 0.9664278030395508 0.09792853461371528 0.051314163208007815
0 0.8512622409396702 0.7574482440948487 0.06115315755208333 0.05461587905883789
0 0.30338626437717015 0.8153249740600585 0.08564656575520833 0.02639636993408203
0 0.6172682020399306 0.614771556854248 0.12346733940972222 0.08198966979980468
0 0.4661005655924479 0.8221057891845703 0.13233778211805555 0.05705814361572266
0 0.8453402201334635 0.5858185291290283 0.10550791422526042 0.08908224105834961
0 0.14814814814814806 0.07118055555555555 0.13168724279835406 0.06712962962962964
0 0.7479423868312757 0.2997685185185185 0.07613168724279852 0.07523148148148152
0 0.8117283950617282 0.38888888888888895 0.09670781893004148 0.0729166666666666
0 0.39473104056437386 0.8676835317460317 0.11904761904761903 0.051463293650793676
