0 0.6656002468532987 0.5924921989440918 0.1336949666341146 0.059406089782714847
0 0.27389856974283855 0.871604061126709 0.10745069715711805 0.07049789428710937
0 0.8588868035210504 0.45859270095825194 0.12362552218967014 0.053155708312988284
0 0.27532721625434026 0.7796760559082031 0.18934393988715278 0.07042884826660156
0 0.8200441148546007 0.7286280155181885 0.11742367214626737 0.05162258148193359
0 0.0878623538547092 0.9778085708618164 0.10140881008572049 0.043933868408203125
0 0.423870849609375 0.8109740972518921 0.08032057020399305 0.06451382637023925
0 0.6094580756293403 0.7915739059448242 0.09507480197482639 0.07527751922607422
0 0.29550933837890625 0.029154908657073975 0.15015750461154515 0.05818796157836914
0 0.608101569281684 0.4639087200164795 0.09477776421440973 0.07760248184204102
0 0.759120856391059 0.5623053550720215 0.12521837022569443 0.056679725646972656
0 0.8752655029296875 0.9340181350708008 0.09537624782986111 0.08276290893554687
0 0.3042874230278863 0.3503716468811035 0.17596783108181424 0.07909469604492188
0 0.2550697326660156 0.5849322319030762 0.0957517835828993 0.07930030822753906
0 0.36007116105821396 0.8407007217407226 0.10526288350423177 0.07671127319335938
0 0.29308624267578126 0.5334701538085938 0.08246307373046875 0.06834249496459961
0 0.9353214687771267 0.6956130981445312 0.1256291707356771 0.0537689208984375
0 0.377392578125 0.986524248123169 0.17400597466362847 0.02695150375366211
0 0.02137815687391493 0.25398569107055663 0.041598680284288196 0.08488969802856446
