0 0.7068754408094619 0.39881865978240966 0.05336235894097222 0.04813923835754395
0 0.2603822496202257 0.38195803165435793 0.05082855224609375 0.0360837459564209
0 0.2667027791341146 0.5030587196350098 0.059405348036024305 0.045741844177246097
0 0.2018347846137153 0.33805074691772463 0.07224019368489583 0.038097190856933597
0 0.7354527791341146 0.8225970268249512 0.04018605550130208 0.03871593475341797
0 0.4045982360839844 0.21237950325012206 0.08328145345052083 0.037903451919555665
0 0.9321821424696181 0.9117412567138672 0.05970933702256945 0.027035903930664063
0 0.334717157151964 0.261870813369751 0.050702200995551214 0.04307565689086914
0 0.9679368760850694 0.33843235969543456 0.04123331705729167 0.037750244140625
0 0.8293991088867188 0.22245954871177673 0.06408928765190972 0.053109943866729736
0 0.18568505181206596 0.22704570293426513 0.05330844455295139 0.04363341331481933
0 0.528722635904948 0.268093466758728 0.04628363715277778 0.03867959976196289
0 0.040478685167100695 0.7753281593322754 0.05357784695095486 0.048220348358154294
0 0.8635272555881076 0.6122438430786132 0.04090864393446181 0.03685340881347656
0 0.32592137654622394 0.39012451171875 0.05536922878689236 0.049609375
0 0.5146057976616754 0.9311141967773438 0.053003946940104164 0.03949184417724609
0 0.1846371120876736 0.14463450908660888 0.051239691840277775 0.03643975257873535
0 0.9044764200846355 0.6304337501525878 0.06366950141059027 0.04380111694335938
0 0.09240061442057292 0.44200611114501953 0.051052432590060766 0.04570446014404297
0 0.6378708733452692 0.8805147171020508 0.03548295762803819 0.03593177795410156
0 0.7905529446072048 0.07977563142776489 0.05356479220920139 0.04092872142791748
0 0.42066853841145835 0.3496021509170532 0.06029629177517361 0.05161848068237305
0 0.2554541693793403 0.6680192470550537 0.056353251139322914 0.04188957214355469
0 0.7690599229600694 0.37243239879608153 0.05138159857855903 0.03826403617858887
0 0.7982157389322917 0.7538402557373047 0.048838297526041664 0.041707420349121095
0 0.06530172559950087 0.6905531406402587 0.06020634969075521 0.03849315643310547
0 0.14411214192708333 0.2811305046081543 0.08436516655815972 0.03346891403198242
0 0.02237184312608507 0.5642681121826172 0.044396464029947916 0.04615230560302734
0 0.8876078287760417 0.727719497680664 0.04451700846354167 0.037741470336914065
0 0.4820935567220052 0.7132338047027588 0.051438056098090275 0.04303598403930664
0 0.19417928059895834 0.09110037088394166 0.06397281222873263 0.031157493591308594
0 0.1498687744140625 0.1843203067779541 0.054550849066840275 0.0396458625793457
0 0.327825673421224 0.2040255308151245 0.05772349039713542 0.04239101409912109
0 0.5429592556423611 0.6730629920959472 0.05696885850694444 0.041718673706054685
0 0.581597900390625 0.48793535232543944 0.049445258246527776 0.03736724853515625
0 0.1906073252360026 0.9813974380493165 0.06180106268988715 0.03386421203613281
0 0.5738494873046875 0.578282642364502 0.042267523871527775 0.03678417205810547
0 0.8646007961697049 0.940546989440918 0.057335917154947916 0.045078468322753903
0 0.4504258897569444 0.8382760047912597 0.06318613688151041 0.03721179962158203
0 0.6258491516113281 0.6849640846252442 0.042006598578559026 0.03415489196777344
0 0.7857589721679688 0.5049263954162597 0.0466827392578125 0.037591743469238284
0 0.034709337022569446 0.9300064086914063 0.05802273220486111 0.026077079772949218
0 0.2430585649278429 0.5985006332397461 0.07970123291015625 0.026861572265625
0 0.7118111504448785 0.613706111907959 0.04577975802951389 0.03886470794677734
0 0.377189212375217 0.3551301956176758 0.047783745659722224 0.03875408172607422
0 0.5415812174479167 0.14082531929016112 0.047068277994791664 0.03471817970275879
0 0.6983389112684462 0.6469237327575683 0.04504614935980903 0.03961658477783203
0 0.3247413635253906 0.5500616073608399 0.04840308295355903 0.043470001220703124
0 0.04607671101888021 0.3646632432937622 0.05806342230902778 0.049138355255126956
0 0.7819083319769965 0.1625445604324341 0.06622348361545138 0.04420125484466553
0 0.11952573988172743 0.8078594446182251 0.04882659912109375 0.04596858024597168
0 0.2542948828803168 0.2811565399169922 0.04157257080078125 0.04140625
0 0.2301050821940104 0.5470511436462402 0.04874776204427083 0.04474067687988281
0 0.470662604437934 0.8720192909240723 0.05027211507161458 0.030416107177734374
0 0.09802305433485244 0.6087916851043701 0.05805019802517361 0.03548707962036133
0 0.5312530517578125 0.20702595710754396 0.05157996283637153 0.04214606285095215
0 0.8339511447482639 0.18839492797851562 0.0515716552734375 0.032201528549194336
0 0.09752460055881076 0.9542340278625489 0.054593404134114586 0.047297096252441405
0 0.28401082356770835 0.22055673599243164 0.03966149224175347 0.03195266723632813
0 0.12192768520779079 0.912346076965332 0.03707639906141493 0.037119293212890626
0 0.546276601155599 0.5338622570037842 0.04206424289279514 0.037036800384521486
0 0.13412899441189235 0.0957148015499115 0.0754823472764757 0.02986513376235962
0 0.5802588568793403 0.8709516525268555 0.04164666069878472 0.02910194396972656
0 0.13858333163791234 0.538489818572998 0.06370129055447049 0.024867820739746093
0 0.5578670077853732 0.10613915920257569 0.05414242214626736 0.037429094314575195
0 0.13930469089084202 0.34662318229675293 0.06262732611762153 0.02465400695800781
0 0.586037105984158 0.6971187591552734 0.05192735460069445 0.03815279006958008
0 0.1566257052951389 0.05556221008300781 0.04331546359592014 0.030547738075256348
0 0.05671708848741319 0.8408896446228027 0.051059383816189234 0.035729598999023435
0 0.8430248684353299 0.8793907165527344 0.06954854329427083 0.02347869873046875
0 0.9613106621636285 0.44488115310668946 0.04682108561197917 0.039330577850341795
0 0.18591105143229167 0.41650048494338987 0.05440673828125 0.042131590843200686
0 0.037712309095594615 0.3175346851348877 0.07060919867621528 0.027111053466796875
0 0.4812911139594184 0.2147636353969574 0.058640543619791666 0.03916093111038208
0 0.3552044338650174 0.2903465747833252 0.04288533528645833 0.036416053771972656
0 0.5030271742078993 0.04300479218363762 0.04883219401041667 0.04059676080942154
0 0.11131269666883681 0.7342639923095703 0.04771558973524306 0.04253120422363281
0 0.9068302578396268 0.37635695934295654 0.04478285047743055 0.03709630966186524
0 0.6961478339301215 0.33299646377563474 0.046073065863715276 0.037891578674316403
0 0.35018717447916664 0.6094561576843261 0.0455596923828125 0.0371185302734375
0 0.7944341023763021 0.02668963372707367 0.04002922905815972 0.0362096905708313
0 0.5074954562717013 0.779124641418457 0.05137244330512153 0.03765296936035156
0 0.29593887329101565 0.8799314498901367 0.07348107231987847 0.027496337890625
0 0.6501269022623698 0.8251440048217773 0.04382442898220486 0.0355316162109375
0 0.07191399468315972 0.0169666588306427 0.0452789306640625 0.03389819860458374
0 0.38715345594618056 0.8727128982543946 0.07233717176649306 0.027735137939453126
0 0.3679784986707899 0.7271253585815429 0.051129659016927086 0.02884330749511719
0 0.7510557386610243 0.7143766403198242 0.04961785210503472 0.035406875610351565
0 0.8164871215820313 0.9553300857543945 0.04521348741319445 0.03859291076660156
0 0.8587050543891059 0.659649658203125 0.07784661187065972 0.028331565856933593
0 0.14449055989583334 0.7496953010559082 0.048577202690972224 0.040993118286132814
0 0.9038525051540799 0.2509604454040527 0.04089745415581597 0.03170003890991211
0 0.40277396308051217 0.245534086227417 0.06834343804253472 0.024462032318115234
0 0.20398712158203125 0.8086204767227173 0.04258617824978299 0.041110563278198245
0 0.13225335015190973 0.14882656335830688 0.05755157470703125 0.03255398273468017
0 0.8669664171006944 0.4771442413330078 0.04619869656032986 0.0452392578125
0 0.651100836859809 0.19976000785827636 0.040854560004340276 0.03859896659851074
0 0.16034965515136718 0.9164854049682617 0.039693959554036456 0.03972892761230469
0 0.11880338053223946 0.8637888590494792 0.086687771563387 0.03941136920262901
0 0.4398841010199653 0.8998174667358398 0.047234429253472224 0.03621978759765625
0 0.7715081108940972 0.9569449424743652 0.04882236056857639 0.03942527770996094
0 0.4667512681749132 0.9203304290771485 0.04470079210069444 0.032269287109375
0 0.11517851087782117 0.9880382537841796 0.04598032633463542 0.02317390441894531
0 0.024173482259114584 0.28730058670043945 0.04132029215494792 0.035480594635009764
0 0.7429100036621094 0.6781517028808594 0.04376644558376736 0.037188148498535155
0 0.01680814954969618 0.1126090258359909 0.032770792643229164 0.041132503747940065
0 0.4713534037272135 0.796152400970459 0.048985799153645836 0.03490238189697266
0 0.9717125786675347 0.1888047456741333 0.04663831922743056 0.04344429969787598
0 0.39299587673611114 0.9796031951904297 0.06284010145399306 0.03564643859863281
0 0.697828843858507 0.7841199398040771 0.04235500759548611 0.03149223327636719
0 0.5898622300889756 0.5269082546234131 0.0479156494140625 0.039260482788085936
0 0.1516810523139106 0.3150173187255859 0.06424467298719617 0.026024818420410156
0 0.7262973361545139 0.9551231384277343 0.05515560574001736 0.03168067932128906
0 0.1827789306640625 0.5108716011047363 0.07720862494574653 0.02499980926513672
0 0.8306305779351129 0.4905747890472412 0.045104302300347225 0.017088031768798827
0 0.6004365709092881 0.8959534645080567 0.05159810384114583 0.04294109344482422
0 0.26206033494737413 0.9501731872558594 0.06892623901367187 0.0314422607421875
0 0.638077629937066 0.7174095153808594 0.0470458984375 0.03857479095458984
0 0.9390208774142795 0.9554733276367188 0.05081058078342014 0.04024772644042969
0 0.1747166951497396 0.5513375282287598 0.05181477864583333 0.03177833557128906
0 0.1577080620659722 0.12074793577194214 0.07395104302300347 0.027707958221435548
0 0.6896148681640625 0.9183504104614257 0.05171407063802083 0.034552383422851565
0 0.9228597005208333 0.3456107139587402 0.05089382595486111 0.025407981872558594
0 0.7314887152777778 0.9842319488525391 0.057560899522569445 0.030683135986328124
0 0.906937493218316 0.4182990550994873 0.05866767035590278 0.046125030517578124
0 0.6793265448676216 0.5454506397247314 0.04957716200086806 0.0409031867980957
0 0.4956081814236111 0.9911238670349121 0.055609130859375 0.017704200744628907
0 0.21777420043945311 0.9481363296508789 0.034615410698784724 0.03256721496582031
0 0.4934795803493924 0.6771990776062011 0.04277682834201389 0.03398838043212891
0 0.10411622789171007 0.6546866416931152 0.06706347995334201 0.024300384521484374
0 0.8568049112955729 0.015406900644302368 0.036768934461805555 0.03054271936416626
0 0.17805023193359376 0.3751446962356567 0.0733748541937934 0.03094449043273926
0 0.5454410976833768 0.6147393226623535 0.04609951443142361 0.03611764907836914
0 0.955877685546875 0.9861783981323242 0.050492011176215275 0.02484283447265625
0 0.5072808159722222 0.7366396903991699 0.04063229031032986 0.03687076568603516
0 0.44138073391384547 0.7240509033203125 0.054989454481336804 0.031520843505859375
0 0.42816229926215277 0.5636590003967286 0.04072706434461806 0.02698373794555664
0 0.8697979397243923 0.9746047973632812 0.059430101182725695 0.021773338317871094
0 0.3299456695610463 0.7960094270252046 0.05781902871644899 0.04700397309802824
0 0.4856627570258247 0.6399444580078125 0.04927334255642361 0.03503875732421875
0 0.40224778917100695 0.8384336471557617 0.044005330403645834 0.021229934692382813
0 0.3660443623860677 0.8294218063354493 0.03676825629340278 0.0273406982421875
0 0.5556125217013889 0.43239564895629884 0.030322265625 0.028625297546386718
0 0.660564931233724 0.406026029586792 0.03577151828342014 0.028837108612060548
0 0.23795700073242188 0.23394970893859862 0.04585808648003472 0.01626129150390625
0 0.46637047661675346 0.759475564956665 0.04328172471788194 0.025838851928710938
0 0.8476962619357639 0.9853490829467774 0.048979865180121526 0.028963851928710937
0 0.3268263922797309 0.9573980331420898 0.05631052652994792 0.04654750823974609
0 0.9225233289930556 0.9806089401245117 0.03801744249131944 0.03499526977539062
0 0.3226395501030816 0.8949144363403321 0.05726810031467014 0.018260955810546875
0 0.045477337307400174 0.879437255859375 0.04270061916775174 0.03609809875488281
0 0.30385910989535964 0.15614991169127207 0.04285497244913946 0.029685736080956846
0 0.9912930382622613 0.35888378620147704 0.01741392347547743 0.03551549911499023
0 0.2993706597222222 0.991182518005371 0.03225368923611111 0.017473220825195312
0 0.2937857733832465 0.9145412445068359 0.029523213704427082 0.03012237548828125
0 0.9694303724500868 0.15918192863464356 0.04696282280815972 0.033062982559204104
0 0.05184122721354167 0.6200915336608886 0.04003668891059028 0.030740737915039062
0 0.3279141743977865 0.9140791893005371 0.053717549641927084 0.021212387084960937
0 0.4063223097059462 0.731219482421875 0.03687422010633681 0.029994678497314454
0 0.012949286566840277 0.46539058685302737 0.025811258951822916 0.038077163696289065
