0 0.0695754157172309 0.34325242042541504 0.05782843695746528 0.0270050048828125
0 0.34499325222439237 0.4472377777099609 0.05693223741319445 0.043973541259765624
0 0.9116705152723524 0.3080348014831543 0.05109897189670139 0.02983884811401367
0 0.7421222262912326 0.43969106674194336 0.08548143174913195 0.0267822265625
0 0.3658861796061198 0.0513067826628685 0.07213151719835069 0.03697090446949005
0 0.5485919528537326 0.972287368774414 0.039658270941840275 0.04214191436767578
0 0.07904866536458334 0.1646970748901367 0.07298516167534722 0.02928314208984375
0 0.7373341878255208 0.6608756065368653 0.057470703125 0.03540582656860351
0 0.07728720770941841 0.8151284217834472 0.06278754340277778 0.02414226531982422
0 0.22960272894965278 0.9218303680419921 0.06201917860243056 0.0482879638671875
0 0.6542285495334201 0.7183310508728027 0.06433003743489583 0.0391845703125
0 0.7041878594292534 0.13467471599578856 0.04871961805555555 0.026506853103637696
0 0.5858635796440972 0.16850624084472657 0.04771558973524306 0.034103775024414064
0 0.4035547892252604 0.502252197265625 0.04600321451822917 0.03831214904785156
0 0.5938161214192709 0.8765544891357422 0.06202969021267361 0.027247810363769533
0 0.8691368950737848 0.963838005065918 0.05247734917534722 0.022369003295898436
0 0.4683383517795139 0.16209945678710938 0.039501953125 0.02766132354736328
0 0.10141728719075521 0.5237063407897949 0.09054531521267362 0.03059043884277344
0 0.5770713806152343 0.7628331661224366 0.04685991075303819 0.03484296798706055
0 0.34397108289930556 0.7194517135620118 0.05170779758029514 0.027865028381347655
0 0.22391938103569878 0.43873305320739747 0.05855924818250868 0.03486166000366211
0 0.6167577955457899 0.7404478073120118 0.0754302978515625 0.026841354370117188
0 0.16064253913031684 0.3420377254486084 0.05245480007595486 0.028134536743164063
0 0.21749844021267362 0.0131073459982872 0.0543257819281684 0.025977477431297302
0 0.8822998894585503 0.3812727451324463 0.04874945746527778 0.024881553649902344
0 0.2730194091796875 0.8635618209838867 0.05789540608723958 0.03384819030761719
0 0.03232014973958333 0.31428871154785154 0.050213453504774304 0.02687063217163086
0 0.6489265441894532 0.3034388542175293 0.047385152180989584 0.038576602935791016
0 0.3354034635755751 0.801531195640564 0.04640227423773872 0.04614872932434082
0 0.8153494940863715 0.37906594276428224 0.06153225368923611 0.028869056701660158
0 0.7261784023708767 0.7030138969421387 0.05258314344618056 0.02687864303588867
0 0.6787898593478733 0.5694084167480469 0.04608289930555556 0.034749603271484374
0 0.4915098402235243 0.6451452255249024 0.06037004258897569 0.03283901214599609
0 0.15703464084201388 0.9206133842468261 0.05389777289496528 0.03354854583740234
0 0.7663391960991753 0.20600075125694275 0.04118737114800347 0.027113068103790283
0 0.4567538791232639 0.44939498901367186 0.07396511501736111 0.03786678314208984
0 0.4338819715711806 0.47760906219482424 0.04113532172309028 0.029567527770996093
0 0.2816919962565104 0.8204400062561035 0.041409471299913195 0.02534828186035156
0 0.21206741333007811 0.351303768157959 0.059027014838324655 0.0345186710357666
0 0.18503083123101127 0.8988548278808594 0.05040647718641493 0.032730484008789064
0 0.6777373419867622 0.3543524265289307 0.04412621392144097 0.02257843017578125
0 0.8268832736545139 0.9413070678710938 0.05176120334201389 0.032431411743164065
0 0.28266881306966146 0.16303367614746095 0.07023400200737848 0.03252687454223633
0 0.17475628323025175 0.4000349998474121 0.07363366021050347 0.030209445953369142
0 0.9030120849609375 0.734058952331543 0.05104098849826389 0.022193527221679686
0 0.2238327874077691 0.20873842239379883 0.04282192654079861 0.03725600242614746
0 0.6322915818956163 0.1528403043746948 0.053033447265625 0.0359647274017334
0 0.09086227416992188 0.09889069199562073 0.040891011555989586 0.02413519620895386
0 0.3138461642795139 0.8408871650695801 0.0628145005967882 0.026008987426757814
0 0.6731287638346354 0.7477241516113281 0.057540045844184026 0.028192138671875
0 0.36649466620551213 0.5198862075805664 0.040257093641493054 0.03012714385986328
0 0.934820810953776 0.19576568603515626 0.03975033230251736 0.028583240509033204
0 0.5460553487141927 0.3567723035812378 0.042529127332899305 0.036551904678344724
0 0.8711117214626736 0.34742443561553954 0.052073160807291664 0.02237849235534668
0 0.4870582580566406 0.2754096031188965 0.059563530815972224 0.0202606201171875
0 0.14315829806857638 0.8563446044921875 0.049027506510416666 0.04660530090332031
0 0.1598905775282118 0.2830527305603027 0.04637722439236111 0.033497047424316403
0 0.353753662109375 0.1960785508155823 0.047510782877604164 0.03221123218536377
0 0.5816869099934896 0.43715610504150393 0.04475284152560764 0.03136787414550781
0 0.9547589619954427 0.9618704795837403 0.051903618706597224 0.023545265197753906
0 0.3048140631781684 0.26420810222625735 0.05363888210720486 0.023053884506225586
0 0.8599711100260417 0.8484668731689453 0.05755988226996528 0.04141845703125
0 0.6190323723687066 0.4154409408569336 0.056206597222222224 0.02310943603515625
0 0.22414610120985243 0.37760396003723146 0.06184607611762153 0.02197999954223633
0 0.8526908026801215 0.9219372749328614 0.05411546495225694 0.024048805236816406
0 0.5868840535481771 0.30744783878326415 0.0521452162000868 0.0336766242980957
0 0.4289216783311632 0.9260135650634765 0.058939615885416664 0.028801727294921874
0 0.40576841566297744 0.9831609725952148 0.0574066162109375 0.03265533447265625
0 0.8189755757649739 0.0540751039981842 0.05180494520399306 0.03207675218582153
0 0.9647011650933159 0.9210771560668946 0.04703504774305556 0.022428512573242188
0 0.43691626654730903 0.832427978515625 0.03825107150607639 0.036020660400390626
0 0.36490461561414933 0.6660538673400879 0.042655097113715276 0.03757610321044922
0 0.5249503241644965 0.8284234046936035 0.039632161458333336 0.03433494567871094
0 0.8561677720811632 0.8822572708129883 0.051781548394097224 0.04420051574707031
0 0.1677501254611545 0.4303275585174561 0.07260080973307291 0.02836599349975586
0 0.8487277560763888 0.4911167144775391 0.049971516927083334 0.024958038330078126
0 0.17242041693793403 0.1737430214881897 0.03311971028645833 0.02213606834411621
0 0.5272517734103732 0.5406276226043701 0.05401763916015625 0.020160102844238283
0 0.6395194159613715 0.5558002471923829 0.046527099609375 0.02586679458618164
0 0.1445990668402778 0.8891545295715332 0.04306674533420139 0.028786659240722656
0 0.2758890787760417 0.2121405065059662 0.0652279324001736 0.04477893114089966
0 0.7610980563693577 0.38790102005004884 0.04698367648654514 0.018455123901367186
0 0.17509227328830296 0.45635595321655276 0.05684458414713542 0.02663288116455078
0 0.1405954149034288 0.952660083770752 0.04952392578125 0.04270954132080078
0 0.6213882446289063 0.4629961967468262 0.06640692816840278 0.02855205535888672
0 0.3342177497016059 0.174291729927063 0.047678968641493055 0.020615911483764647
0 0.48522694905598956 0.23238797187805177 0.0453582763671875 0.017328357696533202
0 0.7736779106987848 0.7075644493103027 0.04505581325954861 0.03190765380859375
0 0.41039886474609377 0.847683334350586 0.04145473904079861 0.022196578979492187
0 0.4998752170138889 0.43471508026123046 0.04781290690104167 0.0251495361328125
0 0.6395747714572483 0.5821208000183106 0.05991583930121528 0.035426902770996097
0 0.5155322604709202 0.6116179466247559 0.03342081705729167 0.03263587951660156
0 0.6678331163194444 0.13313472270965576 0.0385589599609375 0.03087122440338135
0 0.34706141153971354 0.2703191518783569 0.04402533637152778 0.019130897521972657
0 0.6058967590332032 0.5143222332000732 0.052922227647569445 0.021114540100097657
0 0.35509677463107636 0.9648340225219727 0.05049099392361111 0.02673816680908203
0 0.11748589409722222 0.3058022022247314 0.040509033203125 0.02454795837402344
0 0.11114222208658854 0.11450960636138915 0.053956095377604166 0.021768903732299803
0 0.6452567206488715 0.6563278198242187 0.06119944254557292 0.023918724060058592
0 0.46478356255425346 0.916501235961914 0.032465955946180555 0.031636810302734374
0 0.11164644029405382 0.8793828964233399 0.03720838758680556 0.037455177307128905
0 0.9023423088921441 0.23664798736572265 0.04053310818142361 0.04235410690307617
0 0.22649900648328994 0.1249890685081482 0.05136057535807292 0.021708989143371583
0 0.2989413367377387 0.11494607925415039 0.040090179443359374 0.03482522964477539
0 0.165687010023329 0.7373906135559082 0.04974271986219618 0.033486366271972656
0 0.40163082546657985 0.4459671974182129 0.07035420735677084 0.03639287948608398
0 0.9182316250271267 0.9439079284667968 0.059638298882378475 0.022820472717285156
0 0.2738043043348524 0.13641608953475953 0.060295783148871525 0.02235565185546875
0 0.8985406663682726 0.9113798141479492 0.050335862901475695 0.02239055633544922
0 0.5130321078830296 0.199532151222229 0.06849263509114584 0.025644350051879882
0 0.2268310546875 0.958454704284668 0.0601654052734375 0.025323486328125
0 0.3255174424913194 0.6547005653381348 0.0407257080078125 0.032949066162109374
0 0.7323926289876302 0.19568839073181152 0.04526553683810764 0.029769086837768556
0 0.29711134168836806 0.9314332962036133 0.059700859917534724 0.028367233276367188
0 0.32342071533203126 0.8850276947021485 0.039238993326822916 0.021649932861328124
0 0.43267398410373265 0.5979602813720704 0.047175428602430555 0.040074729919433595
0 0.10801756117078994 0.13848289251327514 0.0556854248046875 0.026854419708251955
0 0.17073690626356336 0.7085024356842041 0.06309602525499132 0.021578598022460937
0 0.12753609551323786 0.5666730403900146 0.04842681884765625 0.031104564666748047
0 0.09734645419650607 0.44180831909179685 0.05280676947699653 0.023266029357910157
0 0.7098954942491319 0.5949147701263428 0.057322184244791664 0.0324854850769043
0 0.31477974785698787 0.2392892360687256 0.054892645941840276 0.021219539642333984
0 0.3196546766493056 0.13995563983917236 0.043951416015625 0.026058340072631837
0 0.4523343404134115 0.9666779518127442 0.07014007568359375 0.033236122131347655
0 0.7041086832682292 0.62259521484375 0.045578850640190974 0.026702499389648436
0 0.25451969570583766 0.22893195152282714 0.03758316040039063 0.023322439193725585
0 0.7661514282226562 0.29319784641265867 0.032500542534722225 0.028551721572875978
0 0.06759783426920572 0.12733428478240966 0.05006764729817708 0.047286272048950195
0 0.668219248453776 0.6768500804901123 0.0706236097547743 0.020358562469482422
0 0.08794318305121528 0.5838817119598388 0.0696152581108941 0.022567272186279297
0 0.40084431966145834 0.8850950241088867 0.048995293511284725 0.045340347290039065
0 0.07704594930013021 0.3177760124206543 0.05064409044053819 0.024822425842285157
0 0.7016489664713542 0.8688180923461915 0.04004686143663194 0.027166366577148438
0 0.17200796339246963 0.2062594175338745 0.05679745144314236 0.042828941345214845
0 0.40500013563368054 0.9510635375976563 0.05829603407118056 0.026475906372070312
0 0.47413516574435766 0.5852060317993164 0.05848863389756945 0.029086875915527343
0 0.7662361145019532 0.2514353275299072 0.033837042914496525 0.02186298370361328
0 0.01658240424262153 0.10901575386524201 0.03316480848524306 0.042667335271835326
0 0.38129781087239584 0.7331295013427734 0.037026299370659724 0.028142738342285156
0 0.8408299763997396 0.3292941331863403 0.0463773939344618 0.024331283569335938
0 0.8085469563802083 0.3517576217651367 0.04903818766276042 0.030944252014160158
0 0.310405519273546 0.9526397705078125 0.0459427727593316 0.017967605590820314
0 0.32608922322591144 0.21396288871765137 0.04391665988498264 0.024572277069091798
0 0.1876045650906033 0.9686178207397461 0.04700681898328993 0.019823837280273437
0 0.4915700276692708 0.4753264427185059 0.047469075520833334 0.026260185241699218
0 0.2116277058919271 0.8206679344177246 0.06403749254014757 0.027173805236816406
0 0.44881083170572916 0.22081856727600097 0.05189056396484375 0.020699787139892577
0 0.5921240064832899 0.2682353019714355 0.07549997965494791 0.02592124938964844
0 0.5689080980088975 0.6602486610412598 0.05637919108072917 0.025734710693359374
0 0.7035295274522569 0.15473263263702391 0.047775946723090275 0.01791410446166992
0 0.10318196614583333 0.6961676597595214 0.07922617594401042 0.03166770935058594
0 0.722489251030816 0.8848270416259766 0.03885277642144097 0.022279739379882812
0 0.5233885023328994 0.45580263137817384 0.048874918619791666 0.034123802185058595
0 0.7346448262532552 0.2844195604324341 0.05340084499782986 0.018958616256713866
0 0.9048165215386285 0.8682613372802734 0.06392890082465277 0.028118133544921875
0 0.21002510918511286 0.6877544403076172 0.05984225802951389 0.018120956420898438
0 0.5384279039171007 0.52079176902771 0.061238267686631945 0.021041011810302733
0 0.48076002332899304 0.6115631580352783 0.046200731065538195 0.028226661682128906
0 0.8329776340060764 0.46745882034301756 0.0523040771484375 0.023989105224609376
0 0.21096844143337673 0.7280783653259277 0.06363194783528646 0.027892875671386718
0 0.23459930419921876 0.8685880661010742 0.03774498833550347 0.023348617553710937
0 0.06413642035590278 0.7948078155517578 0.04501291910807292 0.022715377807617187
0 0.07749930487738715 0.7188759326934815 0.03701137966579861 0.028789615631103514
0 0.23459951612684463 0.8449613571166992 0.04580069647894965 0.02277717590332031
0 0.504775153266059 0.981008243560791 0.05466766357421875 0.029233169555664063
0 0.10415734185112847 0.4718165874481201 0.07410396999782987 0.028729629516601563
0 0.05421778361002604 0.5000952243804931 0.07312079535590278 0.04155645370483398
0 0.8125367906358507 0.4834582328796387 0.03778805202907986 0.023565292358398438
0 0.18247773912217882 0.9461671829223632 0.046634080674913196 0.026792144775390624
0 0.9085533989800347 0.20569839477539062 0.039061821831597225 0.020859384536743165
0 0.8715662638346354 0.4703493595123291 0.047083875868055555 0.03033456802368164
0 0.08181906806098091 0.5655740261077881 0.04666086832682292 0.016205787658691406
0 0.15242945353190104 0.36857032775878906 0.08204125298394097 0.030481815338134766
0 0.3737316555447049 0.8575041770935059 0.03677232530381944 0.016766929626464845
0 0.7028534783257379 0.1745660662651062 0.04370693630642361 0.021502065658569335
0 0.3417266845703125 0.9385370254516602 0.03724873860677083 0.024955177307128908
0 0.6486654493543836 0.43175926208496096 0.0378204345703125 0.025858688354492187
0 0.526082017686632 0.6659434318542481 0.03855760362413194 0.030661773681640626
0 0.6984981113009983 0.7254356384277344 0.03606007893880208 0.025112342834472657
0 0.12276624043782552 0.4971169948577881 0.055584547254774304 0.029585742950439455
0 0.7858779907226563 0.2693298578262329 0.039208475748697916 0.017600584030151366
0 0.5910807291666667 0.14674373865127563 0.041768052842881945 0.024663424491882323
0 0.17528228759765624 0.3128889799118042 0.06814668443467882 0.029906797409057616
0 0.29710956149631074 0.6769596099853515 0.032738410101996525 0.022663116455078125
0 0.4993335300021701 0.1813882112503052 0.036574639214409725 0.01873049736022949
0 0.10170080396864149 0.7940301895141602 0.039679633246527776 0.026295852661132813
0 0.5798188951280382 0.705447006225586 0.05738016764322917 0.017148971557617188
0 0.211333253648546 0.6656987190246582 0.03741327921549479 0.022869586944580078
0 0.10095901489257812 0.7219728469848633 0.04011416965060764 0.022926139831542968
0 0.4723917643229167 0.1846867322921753 0.03935580783420139 0.022776579856872557
0 0.13513331943088108 0.45131521224975585 0.04070773654513889 0.02189044952392578
0 0.7539147271050347 0.7174763679504395 0.03200310601128472 0.021894454956054688
0 0.37840847439236114 0.2443030834197998 0.05442182752821181 0.029042673110961915
0 0.5790577358669705 0.46449079513549807 0.030636088053385416 0.02672576904296875
0 0.9260784573025174 0.9221211433410644 0.036223687065972225 0.024477195739746094
0 0.36004553900824654 0.8862920761108398 0.040680609809027775 0.01697196960449219
0 0.5508466932508681 0.5017235755920411 0.05761922200520833 0.0243621826171875
0 0.5790067036946615 0.33964583873748777 0.02791748046875 0.024914646148681642
0 0.3500339084201389 0.24828124046325684 0.04476369222005208 0.026117229461669923
0 0.5426803588867187 0.6945255279541016 0.04508802625868055 0.021303749084472655
0 0.5904261271158854 0.530023193359375 0.048394097222222224 0.014107513427734374
0 0.3485710144042969 0.7752873420715332 0.05177459716796875 0.019659996032714844
0 0.24441104465060765 0.17589969635009767 0.060744561089409725 0.031208109855651856
0 0.3029719034830729 0.7221240043640137 0.0394134521484375 0.02505321502685547
0 0.6037672254774306 0.592491626739502 0.032561577690972225 0.02740955352783203
0 0.9849673800998264 0.774623441696167 0.026210530598958334 0.03456039428710937
0 0.4736567179361979 0.42084856033325196 0.039570787217881945 0.0331024169921875
0 0.10082227918836806 0.550772762298584 0.07335137261284722 0.02620525360107422
0 0.15027203030056424 0.6894914627075195 0.03184627956814236 0.022369194030761718
0 0.17295862833658854 0.6727963924407959 0.039059278700086804 0.02477712631225586
0 0.46107940673828124 0.20306949615478515 0.040827433268229164 0.018093299865722657
0 0.7566527472601996 0.2870244264602661 0.03950076633029514 0.019718742370605467
0 0.6021626790364584 0.6372055053710938 0.06768052842881944 0.05202789306640625
0 0.3581363254123264 0.6989380836486816 0.05397050645616319 0.019154930114746095
0 0.3493678622775608 0.795216417312622 0.03676079644097222 0.03445844650268555
0 0.03727035522460938 0.9944568634033203 0.05461544460720486 0.010647964477539063
0 0.43878216213650173 0.8892942428588867 0.06782480875651041 0.02289924621582031
0 0.7449712117513021 0.2682539224624634 0.03922322591145833 0.01705927848815918
0 0.12117572360568576 0.3292547225952148 0.05361921522352431 0.024850893020629882
0 0.6118265787760416 0.6814719676971436 0.04784172905815972 0.030657386779785155
0 0.37392764621310765 0.4654351234436035 0.044280158148871526 0.025214576721191408
0 0.24024344550238716 0.6718005180358887 0.03463626437717014 0.019619560241699217
0 0.16906950208875868 0.8071212530136108 0.04670961168077257 0.01895146369934082
0 0.1558442857530382 0.8248764991760253 0.04451870388454861 0.0169586181640625
0 0.2578304290771484 0.8342281341552734 0.030864969889322916 0.022409820556640626
0 0.6485064188639323 0.6153099060058593 0.04617106119791667 0.020627403259277345
0 0.5692679511176215 0.6856497287750244 0.046061537000868055 0.023168659210205077
0 0.02691497802734375 0.9784969329833985 0.050326707628038196 0.0227569580078125
