0 0.4046542697482639 0.2343241274356842 0.14891255696614583 0.09576796293258667
0 0.15607113308376735 0.5920574188232421 0.14022165934244793 0.12709980010986327
0 0.7209644741482205 0.31776406764984133 0.14716644287109376 0.12079553604125977
0 0.09811185201009115 0.18785314559936522 0.13122346666124132 0.12113761901855469
0 0.29530436197916665 0.3647161483764648 0.1455930921766493 0.08471240997314453
0 0.782755618625217 0.19407031536102295 0.1412322998046875 0.1362175464630127
0 0.6184584723578559 0.03801609873771668 0.19216834174262154 0.07528091669082641
0 0.5281542460123698 0.9629777908325196 0.18802524142795138 0.07404441833496093
0 0.8772042168511285 0.32287733554840087 0.16566331651475694 0.06816539764404297
0 0.23446761237250435 0.3082320213317871 0.1766458299424913 0.06659212112426757
0 0.8485328674316406 0.9462705612182617 0.13425072564019097 0.09993362426757812
0 0.904278310139974 0.21698384284973143 0.10943637424045138 0.10258922576904297
0 0.7902804904513889 0.7554422378540039 0.14548238118489584 0.10368385314941406
0 0.30287933349609375 0.9695956230163574 0.1945558336046007 0.060808753967285155
0 0.9501026577419704 0.10289514064788818 0.09133029513888889 0.055678701400756835
0 0.24661797417534723 0.6765477180480957 0.1097593519422743 0.10808086395263672
0 0.9164876952651859 0.9673166989664083 0.11017706424998984 0.06536660206718352
0 0.871939934624566 0.13258213996887208 0.11499871148003472 0.06065802574157715
0 0.9561441286247488 0.8468184754521964 0.08254378409417155 0.09003552971576229
