0 0.9507946438259549 0.3922667741775513 0.07275763617621528 0.061384725570678714
0 0.22842915852864584 0.08500292301177978 0.08229912651909722 0.06649270057678222
0 0.6918606228298612 0.5026535034179688 0.0640472412109375 0.05665798187255859
0 0.27875349256727433 0.9209835052490234 0.07470135158962674 0.034135055541992185
0 0.5313780042860243 0.5120183944702148 0.062117852105034725 0.04718837738037109
0 0.9478924221462673 0.23567333221435546 0.05477549235026042 0.051120948791503903
0 0.33968751695421007 0.5237331390380859 0.06569451226128473 0.027997207641601563
0 0.6891294691297744 0.5488824844360352 0.07491895887586805 0.03258953094482422
0 0.20833841959635416 0.17975826263427735 0.07464667426215278 0.028510737419128417
0 0.7397024366590712 0.4726847171783447 0.057536146375868055 0.043370723724365234
0 0.4083966573079427 0.6124617576599121 0.07820146348741319 0.031388473510742185
0 0.3721874660915799 0.10160332024097443 0.08586798773871528 0.03340920805931091
0 0.14433504740397135 0.4419952392578125 0.06002375284830729 0.047357177734375
0 0.0629701402452257 0.8327654838562012 0.07404937744140624 0.05374202728271484
0 0.29169294569227433 0.2660368919372559 0.06424153645833333 0.039646053314208986
0 0.6877254909939237 0.21574735641479492 0.08294253879123265 0.03268022537231445
0 0.7033980475531684 0.8976770401000976 0.1226591322157118 0.03905677795410156
0 0.02572335137261285 0.3593943119049072 0.0472015380859375 0.04251422882080078
0 0.2780771043565538 0.6684720993041993 0.08758680555555555 0.03789253234863281
0 0.3611723158094618 0.8497895240783692 0.053938971625434026 0.029703712463378905
0 0.48497958713107636 0.020265933871269227 0.08156941731770834 0.040217697620391846
0 0.6473010592990451 0.20844865441322327 0.06503329806857638 0.032970130443573
0 0.7493515862358942 0.6997870445251465 0.057656351725260416 0.035594749450683597
0 0.22478697035047743 0.4275069236755371 0.05231552124023438 0.045968818664550784
0 0.029897520277235242 0.9561450958251954 0.057074483235677084 0.03994827270507813
0 0.30085347493489584 0.771794605255127 0.0919859144422743 0.029207801818847655
0 0.8999290466308594 0.980715560913086 0.07187771267361111 0.03848724365234375
0 0.654252454969618 0.8274547576904296 0.061858452690972225 0.05048713684082031
0 0.4189668443467882 0.2714382171630859 0.08242560492621528 0.0253753662109375
0 0.8152001274956597 0.5237524032592773 0.07734239366319444 0.03783912658691406
0 0.37823265923394095 0.878019905090332 0.051985677083333334 0.04256744384765625
0 0.42931306627061633 0.2333989143371582 0.07049407958984374 0.054479789733886716
0 0.44587139553493926 0.8027976751327515 0.07316606309678819 0.03786473274230957
0 0.37338714599609374 0.6405799388885498 0.04223581949869792 0.04239606857299805
0 0.7796332465277778 0.48602705001831054 0.08990580240885417 0.048166084289550784
0 0.4585778130425347 0.3357093334197998 0.037373182508680554 0.04021663665771484
0 0.7012680053710938 0.9308700561523438 0.05496046278211805 0.03150806427001953
0 0.6181162516276042 0.5086241722106933 0.05443522135416667 0.04684238433837891
0 0.6498936971028646 0.530695915222168 0.044024658203125 0.03465595245361328
0 0.09985084533691406 0.9134067535400391 0.06054924858940972 0.04803123474121094
0 0.2549165513780382 0.8314954757690429 0.052506171332465275 0.04504261016845703
0 0.45564185248480904 0.8412582397460937 0.03757052951388889 0.0315093994140625
0 0.8035803053114149 0.4509775161743164 0.06076541476779514 0.04468116760253906
0 0.023274061414930554 0.44988312721252444 0.04142489963107639 0.035139274597167966
0 0.4054412841796875 0.7241456508636475 0.04781561957465278 0.04026479721069336
0 0.019628991021050347 0.4130832672119141 0.03588494194878472 0.020486068725585938
0 0.13563758002387152 0.9671499252319335 0.05946841769748264 0.022348403930664062
0 0.5919138590494791 0.9884047508239746 0.050955878363715276 0.022904014587402342
