0 0.18183182610405815 0.865478229522705 0.055923716227213545 0.021523094177246092
0 0.4356542799207899 0.9178133010864258 0.037867567274305555 0.02771759033203125
0 0.7912731594509549 0.426026439666748 0.03774481879340278 0.02942028045654297
0 0.5647645738389757 0.5201668739318848 0.03859151204427083 0.031239891052246095
0 0.768568589952257 0.4431620121002197 0.03943583170572917 0.02982187271118164
0 0.24805628458658854 0.8745950698852539 0.05285814073350695 0.03284759521484375
0 0.4388668484157986 0.890953540802002 0.04608171251085069 0.02341766357421875
0 0.518458980984158 0.8262718200683594 0.06579318576388889 0.02477436065673828
0 0.8676095750596788 0.653322696685791 0.034138997395833336 0.030306434631347655
0 0.5179429796006945 0.9713031768798828 0.06093614366319444 0.02531280517578125
0 0.619094000922309 0.6170944213867188 0.04092271592881944 0.03272857666015625
0 0.7022371080186632 0.657174015045166 0.05512797037760417 0.024965286254882812
0 0.5267507765028212 0.4597662925720215 0.042655097113715276 0.023307418823242186
0 0.24947408040364583 0.9463289260864258 0.061095343695746526 0.02469635009765625
0 0.4671415540907118 0.44614038467407224 0.051751030815972224 0.019587135314941405
0 0.4971772935655382 0.6987338066101074 0.05012274848090278 0.02319049835205078
0 0.23201654222276474 0.6745861053466797 0.04703971015082465 0.019402408599853517
0 0.11653272840711805 0.8801698684692383 0.05620329115125868 0.022005844116210937
0 0.7382247924804688 0.5293098449707031 0.04810451931423611 0.027924537658691406
0 0.4987378438313802 0.6603725910186767 0.04020521375868055 0.02235441207885742
0 0.9059922960069444 0.5926728248596191 0.03841518825954861 0.027085113525390624
0 0.4155982123480903 0.4598711013793945 0.04653184678819444 0.02227363586425781
0 0.6454372829861111 0.9356494903564453 0.06846483018663195 0.023934173583984374
0 0.5829681396484375 0.6013360500335694 0.043380059136284725 0.03029794692993164
0 0.2807957543267144 0.8548131942749023 0.045052252875434025 0.028820037841796875
0 0.9713244120279948 0.5657564163208008 0.04506276448567708 0.024314308166503908
0 0.08083250257703993 0.9073144912719726 0.04339074028862847 0.02421989440917969
0 0.15714357164171006 0.7083746433258057 0.04290847778320313 0.020650672912597656
0 0.747757805718316 0.7657842636108398 0.03480258517795139 0.03219108581542969
0 0.3744032118055556 0.6964404582977295 0.04289957682291667 0.023853302001953125
0 0.859502665201823 0.4965033531188965 0.04841783311631945 0.028917312622070312
0 0.5675968594021268 0.661683988571167 0.04493679470486111 0.03603801727294922
0 0.7372409396701389 0.4122317314147949 0.04509548611111111 0.02186098098754883
0 0.7488391452365452 0.9191822052001953 0.04458787706163195 0.037041854858398435
0 0.4212154812282986 0.6163379669189453 0.04391140407986111 0.025539588928222657
0 0.6499219258626302 0.42731285095214844 0.04491390652126736 0.020835113525390626
0 0.8096268547905816 0.7952033042907715 0.051300048828125 0.015769195556640626
0 0.5899273342556424 0.4356098175048828 0.02976718478732639 0.02561502456665039
0 0.6264865451388889 0.40722416639328 0.03822597927517361 0.020311760902404784
0 0.3525336371527778 0.5151836395263671 0.04512905544704861 0.01963462829589844
0 0.7187747531467014 0.8021476745605469 0.04012858072916667 0.027870941162109374
0 0.7976061503092448 0.7736719131469727 0.05915086534288194 0.023024749755859376
0 0.9320368448893229 0.6935310363769531 0.044541422526041666 0.02145528793334961
0 0.650417243109809 0.8497225761413574 0.03913506401909722 0.02890167236328125
0 0.9799329969618056 0.8178940773010254 0.04013400607638889 0.024559974670410156
0 0.7133577134874132 0.9900214195251464 0.04110853407118056 0.01995716094970703
0 0.6719699435763888 0.7309603214263916 0.058379448784722225 0.02432098388671875
0 0.4271419949001736 0.8704366683959961 0.036083984375 0.02112998962402344
0 0.15940975613064237 0.8213561058044434 0.050078328450520834 0.02261009216308594
0 0.5892225477430556 0.6380797386169433 0.046209716796875 0.017973899841308594
0 0.7567979600694444 0.6927264213562012 0.05386759440104167 0.025881004333496094
0 0.8687615288628472 0.38205101490020754 0.044391038682725696 0.019420051574707033
0 0.229107666015625 0.6932954788208008 0.046485053168402776 0.018970489501953125
0 0.8477975633409288 0.5942296028137207 0.05959743923611111 0.029195404052734374
0 0.8313184558835804 0.6072759145345443 0.04938904851929762 0.019422529905270262
0 0.7029156155056424 0.8445645332336426 0.052474297417534725 0.019454765319824218
0 0.43331163194444444 0.5363651752471924 0.05012173122829861 0.016721153259277345
0 0.5909990098741319 0.9022632598876953 0.0397064208984375 0.028896903991699217
0 0.3007976881585659 0.5826091787240801 0.0469860224377048 0.03231081486908482
0 0.9601394653320312 0.9120073318481445 0.03730434841579861 0.028417205810546874
0 0.8498599800879197 0.9672350528466441 0.055918375651041664 0.021665573120117188
0 0.3786365085177951 0.6317234039306641 0.0345184326171875 0.021105480194091798
0 0.3132676018608941 0.7079943656921387 0.04887932671440972 0.020063209533691406
0 0.9476589626736112 0.7618205070495605 0.03901638454861111 0.026803016662597656
0 0.9891100565592448 0.41758503913879397 0.021779886881510415 0.03528671264648438
0 0.6127331203884548 0.5380172729492188 0.042170884874131946 0.020056915283203126
0 0.824104987250434 0.9113970756530761 0.0322418212890625 0.032772254943847653
0 0.7477238972981771 0.8513957977294921 0.0427520751953125 0.027931594848632814
0 0.8409432305230035 0.7173648834228515 0.04572279188368056 0.027333831787109374
0 0.9102901882595487 0.5358521938323975 0.031956312391493054 0.014228439331054688
0 0.29924439324273006 0.6271192550659179 0.03855768839518229 0.01844654083251953
0 0.8730999416775174 0.23919427394866943 0.04683261447482639 0.018832826614379884
0 0.7450698852539063 0.6049254417419434 0.05589243570963542 0.01673259735107422
0 0.875164286295573 0.6102739810943604 0.05122205946180555 0.018996715545654297
0 0.3432583279079861 0.7889603614807129 0.03439907497829861 0.032386398315429686
0 0.9428878784179687 0.9905384063720704 0.03819240993923611 0.018923187255859376
0 0.8741460164388021 0.5671736717224121 0.046883477105034724 0.014574241638183594
0 0.7146582709418403 0.6333653926849365 0.04643622504340278 0.018908596038818358
0 0.34279525480453443 0.955029867919402 0.07042462961774937 0.025767514769468154
0 0.34462848239474825 0.6716166973114014 0.040818277994791666 0.016629505157470702
0 0.9734522501627604 0.601263427734375 0.04278411865234375 0.015415573120117187
0 0.8685897435897436 0.36478365384615385 0.039886039886039795 0.014823717948718004
0 0.9594017094017094 0.5206330128205128 0.034900284900284836 0.023637820512820498
0 0.9038461538461539 0.5490785256410257 0.05341880341880346 0.012419871794871777
0 0.4565527065527065 0.6071714743589743 0.050569800569800594 0.030048076923076886
0 0.47685185185185186 0.5474759615384616 0.05270655270655269 0.018830128205128225
0 0.40562678062678065 0.6358173076923078 0.028490028490028494 0.03285256410256411
0 0.9854700854700855 0.6455729166666667 0.02720797720797729 0.0203125
0 0.9396458502297919 0.8464492092457421 0.03244120032441197 0.02395072992700733
0 0.32562854825628557 0.8595650851581508 0.04663422546634224 0.02509124087591251
0 0.4202487158691539 0.9413017031630169 0.047985942146526066 0.01976885644768854
