0 0.6292592232918006 0.34504576283831934 0.05754227661518335 0.044646846416384695
0 0.49902106391059026 0.760655403137207 0.09708421495225694 0.038832664489746094
0 0.09777908325195313 0.8965354919433594 0.07094930013020834 0.02835693359375
0 0.08441191779242621 0.25592267513275146 0.08326475355360242 0.03369135856628418
0 0.4637952168782552 0.6633050441741943 0.06130811903211805 0.033471870422363284
0 0.6030808342827692 0.6351162910461425 0.06047414143880208 0.032966232299804686
0 0.8101204766167535 0.0176730141043663 0.07055901421440972 0.0353460282087326
0 0.5563116285536024 0.22585844993591309 0.0524351331922743 0.045961189270019534
0 0.030962710910373264 0.7591303825378418 0.05917494032118056 0.03048715591430664
0 0.42868974473741317 0.5205366134643554 0.0808441162109375 0.03429737091064453
0 0.07449086507161458 0.0680786743760109 0.11972707112630208 0.04836220443248749
0 0.7225081549750434 0.9524104118347168 0.05857493082682292 0.03429069519042969
0 0.1368883768717448 0.8275914192199707 0.07052171495225694 0.029715538024902344
0 0.1580370585123698 0.01351792961359024 0.06833267211914062 0.026804402470588684
0 0.4655453152126736 0.825676441192627 0.08127102322048611 0.032034683227539065
0 0.8249447292751736 0.3866573333740234 0.07483384874131944 0.028254222869873048
0 0.7039901733398437 0.6711925506591797 0.06343824598524306 0.030106735229492188
0 0.6054719712999131 0.6656895637512207 0.0710483127170139 0.02435436248779297
0 0.7026884290907118 0.5029641628265381 0.08433057996961806 0.03158578872680664
0 0.3863857693142361 0.9834322929382324 0.07292344835069445 0.030434226989746092
0 0.12797317504882813 0.9532603263854981 0.057677374945746526 0.037174034118652347
0 0.6843699985080295 0.2302717685699463 0.0796873304578993 0.03451471328735352
0 0.3996548122829861 0.2508336305618286 0.07442355685763889 0.041773223876953126
0 0.49409400092230904 0.9876254081726075 0.07783135308159722 0.024582290649414064
0 0.49815775553385416 0.34331815242767333 0.0602294921875 0.03208661079406738
0 0.33712024688720704 0.751803207397461 0.06557782491048177 0.03249425888061523
0 0.07704993353949653 0.687287712097168 0.07089063856336805 0.025146293640136718
0 0.7536744859483507 0.23139748573303223 0.053149583604600696 0.051738929748535153
0 0.6513324313693576 0.6033470153808593 0.06669209798177084 0.03274259567260742
0 0.03031556871202257 0.8668542861938476 0.05744171142578125 0.02187652587890625
0 0.7520740085177952 0.3083789348602295 0.07512851291232639 0.03573827743530274
0 0.6770645141601562 0.8380413055419922 0.08314581976996528 0.024332809448242187
0 0.7405402289496528 0.8646554946899414 0.055748664008246525 0.03727531433105469
0 0.6042414347330729 0.2216660976409912 0.04186231825086806 0.028327083587646483
0 0.8540244208441841 0.19751217365264892 0.06206325954861111 0.04946255683898926
0 0.4796664767795139 0.3694730758666992 0.05085788302951389 0.022560882568359374
0 0.31813252766927086 0.7793243408203125 0.05287882486979167 0.02584362030029297
0 0.3440768771701389 0.9655330657958985 0.0554139879014757 0.0355316162109375
0 0.3925323486328125 0.8024024963378906 0.0766996595594618 0.026196098327636717
0 0.6560526529947917 0.18993897438049318 0.10712754991319444 0.043474674224853516
0 0.04330982632107205 0.9069906234741211 0.05571823120117188 0.021950149536132814
0 0.2890516069200304 0.9604289054870605 0.058328501383463544 0.03091259002685547
0 0.5409810384114583 0.9429274559020996 0.06459147135416667 0.02590789794921875
0 0.018985324435763888 0.8901815414428711 0.03474782307942708 0.0293701171875
0 0.6908465067545573 0.8569168090820313 0.07170003255208333 0.02865142822265625
0 0.29656575520833334 0.8016458511352539 0.035859171549479166 0.033394813537597656
