0 0.5064453972710503 0.7868918418884278 0.08110470241970485 0.060105323791503906
0 0.6422940572102864 0.30004158020019533 0.08861168755425347 0.056470298767089845
0 0.11343841552734375 0.6310722827911377 0.06151631673177083 0.049778175354003903
0 0.21606318155924478 0.8605953216552734 0.10340152316623263 0.04011726379394531
0 0.468222893608941 0.7360756874084473 0.09315032958984375 0.05179672241210938
0 0.10812339782714844 0.7611939430236816 0.053523678249782984 0.04143342971801758
0 0.32471593221028644 0.30175516605377195 0.07801038953993056 0.03227953910827637
0 0.07044164869520399 0.533235740661621 0.07941869099934896 0.03431072235107422
0 0.3703694661458333 0.9660182952880859 0.0881988525390625 0.06790046691894532
0 0.8011644151475694 0.05196290165185928 0.06735331217447917 0.033576175570487976
0 0.4878455268012153 0.9601752281188964 0.08210076226128472 0.03080596923828125
0 0.07225735982259114 0.38274235725402833 0.06064809163411458 0.03757390975952148
0 0.5788629319932725 0.5774223327636718 0.06421474880642361 0.03836841583251953
0 0.18533753289116753 0.8027448654174805 0.053036668565538195 0.049395751953125
0 0.43824462890625 0.9056126594543457 0.043780008951822914 0.04598255157470703
0 0.7035868326822917 0.029189333319664 0.05510321723090278 0.04403230547904968
0 0.6767746819390191 0.6955088138580322 0.047845458984375 0.04180059432983398
0 0.5648218790690104 0.6152496337890625 0.048577880859375 0.03936958312988281
0 0.49168166917115835 0.9011361196059589 0.055396351580163934 0.041962256912113104
0 0.8059339735243055 0.39416775703430174 0.07777370876736112 0.032648658752441405
0 0.5208917405870226 0.05002055168151855 0.06185930040147569 0.04861724376678467
0 0.15028754340277778 0.5973167896270752 0.06534508599175347 0.05253820419311524
0 0.8190485636393229 0.3126444578170776 0.06421847873263889 0.028413057327270508
0 0.04456787109375 0.2776849031448364 0.07052103678385417 0.03309464454650879
0 0.7640882703993056 0.30397958755493165 0.0454313490125868 0.042057228088378903
0 0.46937425401475696 0.4015625476837158 0.06863844129774306 0.038683319091796876
0 0.07980914645724826 0.9871892929077148 0.07193874782986111 0.025621414184570312
0 0.22962671915690105 0.7606448173522949 0.0714784410264757 0.030512046813964844
0 0.2983005099826389 0.9641051292419434 0.06501210530598958 0.053397178649902344
0 0.5732098049587674 0.8322174072265625 0.04701775444878472 0.04342498779296875
0 0.6697985331217448 0.051783180236816405 0.04413825141059028 0.04067380428314209
0 0.5013292100694444 0.8635029792785645 0.05894605848524306 0.030912208557128906
0 0.8715328640407987 0.30354719161987304 0.07224460177951389 0.04867057800292969
0 0.7956812540690105 0.44257001876831054 0.08238745795355903 0.028070640563964844
0 0.3381596883138021 0.5053316116333008 0.05451812744140625 0.025687599182128908
0 0.8538028293185764 0.13997880220413209 0.05970798068576389 0.027507710456848144
0 0.6277053833007813 0.8763200759887695 0.060929022894965275 0.031877326965332034
0 0.8281955295138889 0.34216811656951907 0.05085211859809028 0.02831687927246094
0 0.38795030381944445 0.9288854598999023 0.04167005750868055 0.038291549682617186
0 0.3963470458984375 0.5005062580108642 0.04243096245659722 0.02751607894897461
0 0.2610348171657986 0.557387399673462 0.06738993326822916 0.02903432846069336
0 0.6303335401746962 0.601947021484375 0.05582834879557292 0.022170162200927733
0 0.7685687594943577 0.41364221572875975 0.06266038682725694 0.03431253433227539
0 0.5086061265733507 0.827000904083252 0.058598836263020836 0.024373435974121095
0 0.4771170722113715 0.3278481960296631 0.04363674587673611 0.03687343597412109
0 0.45973324245876734 0.8280475616455079 0.045081244574652776 0.03235321044921875
0 0.6466970655653211 0.9854555130004883 0.06558922661675347 0.024007034301757813
0 0.7745745340983073 0.5399261474609375 0.06747283935546874 0.03077239990234375
0 0.8790393405490451 0.9784390449523925 0.05340966118706597 0.033662033081054685
0 0.7643273247612847 0.4753689765930176 0.03775804307725694 0.03774967193603516
0 0.3742199367947049 0.8117895126342773 0.04184739854600694 0.03602657318115234
0 0.01830012003580729 0.25611143112182616 0.03546854654947917 0.02085270881652832
0 0.4666480170355903 0.9941181182861328 0.05500047471788194 0.011763763427734376
0 0.5339330037434896 0.8433324813842773 0.04570414225260417 0.03021392822265625
0 0.7404536319265002 0.44710917312661497 0.037324145851277676 0.035933462532299745
0 0.5330175136376687 0.9851017441860466 0.11340798162503589 0.02745478036175714
