0 0.4456883430480957 0.926070319281684 0.0726858139038086 0.09186638726128472
0 0.9090936660766602 0.7287182278103299 0.10195064544677734 0.12776658799913193
0 0.6514251708984375 0.7741956922743055 0.08515310287475586 0.1107574462890625
0 0.24087047576904297 0.8755545722113716 0.051172637939453126 0.10176628960503473
0 0.6780036926269531 0.16665611267089844 0.0572601318359375 0.061837090386284724
0 0.8540302276611328 0.3271452162000868 0.039606475830078126 0.09198794894748263
0 0.8353730201721191 0.5134571499294704 0.04522418975830078 0.11876390245225694
0 0.39121718406677247 0.4635531955295139 0.039024734497070314 0.10466817220052084
0 0.46701860427856445 0.7233615451388888 0.06644611358642578 0.09846428765190972
0 0.38423919677734375 0.5646977742513021 0.0633127212524414 0.09315388997395833
0 0.5024637222290039 0.7849761962890625 0.0630721092224121 0.0719573974609375
0 0.9746950149536133 0.620510016547309 0.050239181518554686 0.11575927734375
0 0.8993141174316406 0.3742476569281684 0.05404853820800781 0.06614752875434028
0 0.9032962799072266 0.9015823364257812 0.07093486785888672 0.08926595052083333
0 0.6714026451110839 0.6064509921603732 0.05876731872558594 0.064697265625
0 0.5653459548950195 0.275643073187934 0.07723941802978515 0.0814332750108507
0 0.5493244171142578 0.6065867106119792 0.03769664764404297 0.09114006890190972
0 0.015997815132141113 0.8054741753472222 0.031995630264282225 0.14861992730034723
0 0.6132742881774902 0.638919915093316 0.08146209716796875 0.07989298502604167
0 0.9319267272949219 0.4315675523546007 0.0395538330078125 0.09830457899305556
0 0.5448855400085449 0.8144222683376736 0.04640827178955078 0.0689239501953125
0 0.9685096740722656 0.7278211805555556 0.05161781311035156 0.11312120225694444
0 0.8578121185302734 0.41827816433376735 0.05675849914550781 0.12162373860677084
0 0.5184769630432129 0.6245257059733073 0.03730850219726563 0.10820787217881944
0 0.536048698425293 0.195674557156033 0.03440227508544922 0.08063362969292534
0 0.6471693992614747 0.10359908209906685 0.043089103698730466 0.06077745225694445
0 0.7704061508178711 0.32961256239149306 0.03848533630371094 0.11127912733289931
0 0.6864290714263916 0.091363525390625 0.04797086715698242 0.06046854654947917
0 0.5910824775695801 0.5827563815646701 0.055348777770996095 0.067181396484375
0 0.8329968452453613 0.6232817755805121 0.04170684814453125 0.06500379774305555
0 0.7796501636505127 0.19487872653537328 0.03676881790161133 0.08463728162977431
0 0.5688677310943604 0.3528020434909397 0.052872753143310545 0.08122995164659289
0 0.9885320663452148 0.9108691745334201 0.02247314453125 0.09335445827907986
0 0.7983724117279053 0.24744483100043402 0.05834283828735352 0.08399386935763889
0 0.008018679916858673 0.9159595065646702 0.016037359833717346 0.13469916449652777
0 0.9484346389770508 0.940143076578776 0.06818523406982421 0.09623294406467015
0 0.6196879386901856 0.3236566331651476 0.08007335662841797 0.08432583279079861
0 0.6239959716796875 0.5182422214084201 0.05253763198852539 0.09457939995659723
0 0.9605817794799805 0.518963623046875 0.07713871002197266 0.09974127875434027
0 0.9757455011693442 0.4435807501182107 0.0492095947265625 0.11900363498263852
0 0.9919830322265625 0.2161050584581163 0.016033935546875 0.0891066657172309
0 0.9566350936889648 0.9152225070529514 0.049530029296875 0.04715101453993056
0 0.9861210823059082 0.29013786315917967 0.02744770050048828 0.048891448974609376
0 0.5743868827819825 0.4388056437174479 0.04183540344238281 0.10605231391059028
0 0.922452163696289 0.5748319837782118 0.061612701416015624 0.09846666124131945
0 0.8924427032470703 0.9771364847819011 0.0477508544921875 0.04572703043619792
0 0.904568099975586 0.47079383002387154 0.05040321350097656 0.10713670518663194
