0 0.5931673685709635 0.32949390411376955 0.09604102240668402 0.0491455078125
0 0.3661810133192274 0.6320577621459961 0.11527031792534723 0.054607582092285153
0 0.12424918280707466 0.1852323055267334 0.12935638427734375 0.07658376693725585
0 0.9035992092556424 0.04279705882072449 0.08394232855902778 0.05586665868759155
0 0.19143375820583766 0.6295137405395508 0.12795944213867189 0.05992469787597656
0 0.5900811937120226 0.629000473022461 0.09046885172526041 0.06102886199951172
0 0.5495051913791232 0.4488384246826172 0.13885871039496528 0.06532020568847656
0 0.7250684950086805 0.049562060832977296 0.096893310546875 0.05375185012817383
0 0.25524686177571615 0.2639193296432495 0.1546769036187066 0.0475860595703125
0 0.1843899197048611 0.9746274948120117 0.1571290757921007 0.05074501037597656
0 0.6310572306315104 0.8736072540283203 0.1102328830295139 0.06864471435546875
0 0.3730244954427083 0.6878108024597168 0.11620602077907986 0.06382970809936524
0 0.7672206454806858 0.0956148087978363 0.06648339165581597 0.05483556985855102
0 0.2222020467122396 0.2189321994781494 0.16061164008246528 0.060780906677246095
0 0.5652361551920573 0.01203334480524063 0.10433451334635417 0.02406668961048126
0 0.18114424811469185 0.013177675008773804 0.11383997599283854 0.02635535001754761
0 0.7852171156141493 0.4210588574409485 0.07384779188368056 0.05600507259368896
0 0.6996849907769097 0.45123777389526365 0.1063656277126736 0.04745292663574219
0 0.502710469563802 0.0770557701587677 0.09398905436197917 0.04485278129577637
0 0.28852369520399307 0.7622955322265625 0.11210428873697917 0.06311836242675781
0 0.9719780815972222 0.3660203695297241 0.05293138292100694 0.04293837547302246
0 0.8384650336371527 0.1207917183637619 0.07421858045789931 0.04309974312782287
0 0.67469728257921 0.24293212890625 0.048449198404947914 0.038224220275878906
0 0.8010704888237847 0.3816684246063232 0.06262478298611111 0.04882068634033203
0 0.8937717861599392 0.10117647647857667 0.07325778537326388 0.0664203405380249
0 0.7523395114474827 0.4659709930419922 0.07019110785590278 0.05498847961425781
0 0.9853134155273438 0.3303399085998535 0.028306410047743057 0.03555727005004883
0 0.5985582139756944 0.2747817516326904 0.047268846299913195 0.03496761322021484
