0 0.5997656928168402 0.8468219757080078 0.08916761610243056 0.09175605773925781
0 0.2655236138237847 0.9189216613769531 0.08575863308376735 0.06672782897949218
0 0.5451897515190972 0.17041224241256714 0.1035495334201389 0.08100683689117431
0 0.0639571295844184 0.9508641242980957 0.0790342542860243 0.08769989013671875
0 0.10375480651855469 0.127612841129303 0.09214613172743055 0.0834273338317871
0 0.442112308078342 0.8938183784484863 0.08641306559244792 0.07592964172363281
0 0.6666700575086806 0.9107852935791015 0.10274149576822916 0.051831817626953124
0 0.13994695875379776 0.9552330017089844 0.09311125013563368 0.08455276489257812
0 0.11052678426106771 0.5848336219787598 0.08740336100260417 0.07264194488525391
0 0.7772337171766494 0.34494457244873045 0.08409627278645833 0.05805611610412598
0 0.17055214775933158 0.11361827552318574 0.09915178087022569 0.07923360466957093
0 0.3887163798014323 0.08275464922189713 0.11872711181640624 0.07637326419353485
0 0.8451916164822049 0.04513859748840332 0.0754911634657118 0.07508242130279541
0 0.8422356499565973 0.26047463417053224 0.081524658203125 0.04443292617797852
0 0.4911086188422309 0.6106936454772949 0.07480010986328126 0.06668758392333984
0 0.7828470865885416 0.018064463138580324 0.10993008083767361 0.03592604398727417
0 0.7413241068522135 0.11149506270885468 0.1166748046875 0.07609367966651917
0 0.155455568101671 0.013938832283020019 0.1148941887749566 0.027877664566040038
0 0.4633331298828125 0.19157944917678832 0.08685811360677083 0.07783896923065185
0 0.8650812784830729 0.35237898826599123 0.08114013671875 0.04766159057617188
0 0.5176784091525608 0.7954915523529053 0.1300050523546007 0.11017789840698242
0 0.4876520792643229 0.02825406491756439 0.13799065483940973 0.05650812983512878
0 0.6791718377007379 0.05085229277610779 0.10319892035590278 0.05101912021636963
0 0.7752773708767361 0.5325275421142578 0.10622066921657985 0.043045997619628906
0 0.4059973822699653 0.8481073379516602 0.08418409559461805 0.05430316925048828
0 0.24112938774956597 0.02877715229988098 0.0947480943467882 0.057051026821136476
0 0.5005172729492188 0.09298152923583984 0.11273769802517361 0.052565479278564455
0 0.892888895670573 0.4300741672515869 0.0718963623046875 0.060619449615478514
0 0.6898203531901042 0.01614309698343277 0.08874749077690972 0.03228619396686554
0 0.8480641682942708 0.46979398727416993 0.088482666015625 0.04404582977294922
0 0.4873943752712674 0.2771723508834839 0.10297342936197916 0.08242235183715821
0 0.8849338107638889 0.8019558906555175 0.0782716539171007 0.058152389526367185
0 0.7590674506293402 0.060930943489074706 0.06409657796223958 0.0386005163192749
0 0.02798580593532986 0.9035076141357422 0.054597727457682294 0.10367279052734375
0 0.6733615451388889 0.3958160638809204 0.08876529269748264 0.05103611946105957
