0 0.3169101291232639 0.3993826866149902 0.11166466606987847 0.08332881927490235
0 0.5842580159505208 0.1917815923690796 0.09409010145399306 0.06451597213745117
0 0.30731510586208766 0.7174491882324219 0.14522967868381076 0.07258415222167969
0 0.8877134535047743 0.6860581398010254 0.08441535101996528 0.07390804290771484
0 0.40265112982855905 0.7588846206665039 0.07757059733072917 0.03714427947998047
0 0.6455125596788195 0.24177613258361816 0.12637973361545138 0.04789161682128906
0 0.45495088365342884 0.784962272644043 0.09563971625434028 0.07972888946533203
0 0.23958744472927518 0.8549398422241211 0.09430177476671008 0.06909942626953125
0 0.9313775804307726 0.3255692720413208 0.11307373046875 0.04796862602233887
0 0.515099843343099 0.24754574298858642 0.09491153293185764 0.06772150993347167
0 0.6421566433376736 0.16565268039703368 0.09577975802951388 0.06881427764892578
0 0.5739025539822049 0.2902878522872925 0.06525132921006944 0.057115030288696286
0 0.9625880347357856 0.29018025398254393 0.07482393052842883 0.0519805908203125
0 0.9665245903862847 0.1622338652610779 0.06695081922743056 0.0671997308731079
0 0.7198797437879775 0.9644330024719239 0.15119493272569445 0.058406639099121097
0 0.6603649563259548 0.29758443832397463 0.1057220458984375 0.07244658470153809
0 0.9536717732747396 0.4721477508544922 0.0896089341905382 0.07348308563232422
0 0.3680574205186632 0.795194435119629 0.08672366672092013 0.038606452941894534
0 0.97669677734375 0.5908357620239257 0.04657372368706597 0.07133827209472657
0 0.9396790398491753 0.38212084770202637 0.10749121771918403 0.037666606903076175
