0 0.10578956604003906 0.6051829338073731 0.14313091701931424 0.06486072540283203
0 0.8828759935167101 0.4197257995605469 0.11357235378689236 0.05521097183227539
0 0.11759982638888888 0.3095750570297241 0.17254757351345487 0.06913561820983886
0 0.23245811462402344 0.21030039787292482 0.10209757486979167 0.055587482452392575
0 0.0873319837782118 0.24265787601470948 0.1313322279188368 0.05473589897155762
0 0.1394231160481771 0.456128454208374 0.14339158799913193 0.05505151748657226
0 0.2946377648247613 0.03232725262641907 0.14886347452799478 0.056350743770599364
0 0.22908189561631945 0.4285905361175537 0.12126532660590278 0.04752073287963867
0 0.11149529351128472 0.4061079859733582 0.13594436645507812 0.04194357395172119
0 0.22402801513671874 0.8276665687561036 0.13870680067274305 0.04975185394287109
0 0.378619130452474 0.8699111938476562 0.10735643174913194 0.061362838745117186
0 0.1735812717013889 0.152437424659729 0.16350318060980903 0.050808143615722653
0 0.36035291883680554 0.7430122375488282 0.15519273546006945 0.06409664154052734
0 0.9076237996419271 0.01901158094406128 0.11758829752604166 0.03802316188812256
0 0.34979841444227433 0.5074007987976075 0.15315195719401042 0.04474201202392578
0 0.03737157185872396 0.4614771842956543 0.07474314371744792 0.0470123291015625
0 0.6812350802951389 0.5543452262878418 0.145111083984375 0.05106925964355469
0 0.8738580491807726 0.6759066581726074 0.11807471381293402 0.04938383102416992
0 0.761129167344835 0.8719364166259765 0.10325232611762153 0.05761375427246094
0 0.3182981703016493 0.3002028226852417 0.14659491644965278 0.05247211456298828
0 0.09406229654947916 0.2013155221939087 0.14217910766601563 0.044797658920288086
0 0.25764702690972224 0.12930769920349122 0.14835154215494792 0.0553969144821167
0 0.93809814453125 0.1122705101966858 0.11479356553819445 0.038315343856811526
0 0.5821612887912326 0.3651071071624756 0.17814670138888888 0.06105222702026367
0 0.6905454847547743 0.7227247714996338 0.15606791178385418 0.06807994842529297
0 0.8429095798068577 0.2507152557373047 0.10647142198350694 0.04720087051391601
0 0.6920552571614583 0.14053012132644654 0.06745062934027778 0.04697000980377197
0 0.9097868177625869 0.3492293357849121 0.1359585232204861 0.05313529968261719
0 0.6149685329861111 0.8250137329101562 0.09814995659722223 0.03799934387207031
0 0.9737968444824219 0.25324320793151855 0.05240631103515625 0.05276203155517578
0 0.7703511555989583 0.6874423027038574 0.04501563178168403 0.04387092590332031
0 0.19744525485568576 0.9701929092407227 0.10162896050347223 0.05911827087402344
0 0.8064173380533854 0.7092103004455567 0.058150227864583334 0.04763870239257813
0 0.20072979397243923 0.68759183883667 0.1352995130750868 0.04749851226806641
0 0.6143832736545138 0.6234057426452637 0.1267123752170139 0.037765121459960936
0 0.5469747755262587 0.3255666494369507 0.09975077311197916 0.03155670166015625
0 0.957666015625 0.7429465293884278 0.07150641547309028 0.03769054412841797
0 0.02422311570909288 0.5879944801330567 0.04706149631076389 0.044021224975585936
0 0.6151864793565538 0.2819507598876953 0.13569437662760417 0.05467166900634766
0 0.23252911037868923 0.6206399440765381 0.09385884602864583 0.032116127014160153
0 0.331275720164609 0.5549768518518519 0.16049382716049376 0.06712962962962964
0 0.28806584362139903 0.5914351851851851 0.139917695473251 0.0543981481481481
