0 0.040020751953125 0.6530231952667236 0.07804548475477431 0.029289722442626953
0 0.8327823215060763 0.2094755232334137 0.06606648763020834 0.04118279218673706
0 0.6280576917860243 0.6914048194885254 0.07445288764105903 0.052681922912597656
0 0.5937388102213542 0.6239872932434082 0.0735688951280382 0.040096282958984375
0 0.8943370395236545 0.2538918018341064 0.07909020317925347 0.07270174026489258
0 0.9468837314181857 0.21458652019500732 0.07457360161675347 0.032529354095458984
0 0.1543632083468967 0.5785482406616211 0.08393461439344618 0.05579452514648438
0 0.17964456346299912 0.6180482387542725 0.12607192993164062 0.045360755920410153
0 0.7170483059353299 0.806493592262268 0.07579074435763888 0.03935084342956543
0 0.2899088541666667 0.6405006408691406 0.08999277750651041 0.040796852111816405
0 0.24655621846516926 0.9765628814697266 0.07046602037217882 0.04646568298339844
0 0.25691630045572916 0.9349884033203125 0.0696987575954861 0.051204681396484375
0 0.37339714898003473 0.9772231101989746 0.07278272840711805 0.04505977630615234
0 0.31239937676323787 0.1881230354309082 0.06962670220269097 0.05770998001098633
0 0.32062700059678817 0.7893634796142578 0.07591925726996528 0.057733154296875
0 0.034154722425672746 0.7210156440734863 0.06609124077690973 0.06700448989868164
0 0.34806094699435763 0.5359440803527832 0.05889350043402778 0.048216629028320315
0 0.2535164727105035 0.471666145324707 0.07962866889105903 0.03307390213012695
0 0.29715050591362846 0.42061901092529297 0.0843475341796875 0.06065225601196289
0 0.81721437242296 0.4793729782104492 0.07586127387152777 0.05226154327392578
0 0.07512164645724827 0.15103111267089844 0.10732591417100694 0.04771242141723633
0 0.241007571750217 0.7513452529907226 0.06794196234809027 0.050177574157714844
0 0.3626978556315104 0.6304242610931396 0.058556450737847224 0.038545417785644534
0 0.4705701192220052 0.2613090515136719 0.07036692301432292 0.049767494201660156
0 0.2306899176703559 0.5603525161743164 0.06573452419704862 0.05481300354003906
0 0.13016382853190103 0.30053129196166994 0.06228078206380208 0.0438201904296875
0 0.3636238945855035 0.9559758186340332 0.05336947970920139 0.03240013122558594
0 0.16536699930826823 0.9608814239501953 0.0699080573187934 0.0467803955078125
0 0.323006354437934 0.6047852993011474 0.07727067735460069 0.027648544311523436
0 0.5667220221625434 0.20194783210754394 0.0927310519748264 0.04760875701904297
0 0.7772837320963542 0.24620509147644043 0.07087537977430555 0.036280250549316405
0 0.6512706394981024 0.41546439913325095 0.06361354006846553 0.02848262364491993
0 0.7600112100920817 0.2729027930395309 0.09834069817895505 0.03461399434051871
0 0.23165880839029948 0.07020727396011353 0.0672804938422309 0.0508253812789917
0 0.03353508843315972 0.1766359806060791 0.06189592149522569 0.04715228080749512
0 0.08803082495518712 0.1955969456748251 0.09679512294639854 0.0508224256666668
0 0.9769322713216145 0.7355463981628418 0.04363030327690972 0.042595291137695314
0 0.8115971035427517 0.2698351383209229 0.04563547770182292 0.029634952545166016
0 0.26298111809624564 0.5939255237579346 0.05128699408637153 0.041820621490478514
0 0.093045843045843 0.23466637529137527 0.07770007770007771 0.03241550116550117
