0 0.7805455525716146 0.03060179352760315 0.07757432725694445 0.057609188556671145
0 0.9170496622721355 0.30142927169799805 0.08754323323567709 0.06172513961791992
0 0.6370205349392362 0.18777861595153808 0.09155731201171875 0.05917654037475586
0 0.5695204840766059 0.8938737869262695 0.09216528998480902 0.05905895233154297
0 0.7986579895019531 0.8062393188476562 0.07322014702690972 0.05221004486083984
0 0.9600918240017361 0.7288945198059082 0.07876078287760417 0.040750312805175784
0 0.6531640794542101 0.37929847240448 0.06141323513454861 0.05196547508239746
0 0.11856057908799914 0.6119499683380127 0.07672966851128472 0.05734586715698242
0 0.5559255811903212 0.36214470863342285 0.07065853542751736 0.048016929626464845
0 0.2715518527560764 0.9748367309570313 0.08083055284288194 0.04989547729492187
0 0.31775605943467883 0.7749074459075928 0.06646762424045138 0.05663213729858398
0 0.483286370171441 0.13389163017272948 0.10415700276692709 0.051612043380737306
0 0.5897030300564237 0.2614414215087891 0.08432074652777778 0.03888435363769531
0 0.3536815855238173 0.6292999267578125 0.10269881354437935 0.05381298065185547
0 0.17233149210611978 0.6356200218200684 0.08158637152777778 0.032371139526367186
0 0.7717446807654719 0.2914791184086954 0.09645630697100735 0.07205968432956275
0 0.2956081814236111 0.37888178825378416 0.06548275417751737 0.039502716064453124
0 0.8179427252875434 0.1899622917175293 0.06986813015407986 0.05679564476013184
0 0.5416019015842014 0.21234856247901918 0.0493865966796875 0.05185822248458862
0 0.7499871995713976 0.20439431667327881 0.06635233561197916 0.05167918205261231
0 0.6103507995605468 0.5311341285705566 0.08708750406901042 0.06455307006835938
0 0.495180172390408 0.8732708930969239 0.08335350884331597 0.050421524047851565
0 0.9604778713650174 0.8051972389221191 0.07821892632378472 0.06372451782226562
0 0.5873436821831597 0.6232062816619873 0.0722015380859375 0.037235164642333986
0 0.7823223537868924 0.1493504524230957 0.10647345648871528 0.03490657806396484
0 0.5260486178927951 0.07769792079925537 0.07284308539496528 0.03550088405609131
0 0.4126429239908854 0.8387459754943848 0.08998514811197916 0.04854030609130859
0 0.7325520833333333 0.8393821716308594 0.09948459201388889 0.035423660278320314
0 0.4206659952799479 0.19740583896636962 0.06883375379774305 0.04413261413574219
0 0.7605702718098958 0.18814436197280884 0.05821465386284722 0.023573422431945802
0 0.13770111931694878 0.8060333013534546 0.08949542575412327 0.04702000617980957
0 0.1090905507405599 0.560201358795166 0.0558333502875434 0.04693679809570313
0 0.6320239596896702 0.7039878845214844 0.08034413655598958 0.031837081909179686
0 0.02737028333875868 0.4447314262390137 0.04872148301866319 0.04009990692138672
0 0.3681651645236545 0.9846529006958008 0.0982421875 0.029741477966308594
0 0.6407545301649306 0.5666290283203125 0.046920098198784725 0.03914327621459961
0 0.16099163679808845 0.5646841397849461 0.07168458781362008 0.0386424731182796
