0 0.43098441229926215 0.0557616114616394 0.12203657362196181 0.10917122364044189
0 0.05797025892469618 0.14555293321609497 0.11200714111328125 0.1280815839767456
0 0.12140388488769531 0.9129489898681641 0.12676272922092013 0.11394634246826171
0 0.9198472325203347 0.14508234703982317 0.13599076133696628 0.12234062000557228
0 0.898082987467448 0.6960666179656982 0.10083143446180555 0.08008174896240235
0 0.6110049777560764 0.29094781875610354 0.11397060818142361 0.09435410499572754
0 0.12251964145236545 0.7716916084289551 0.11908899943033854 0.11012401580810546
0 0.25049442715115017 0.3829944610595703 0.14983325534396702 0.11423759460449219
0 0.24459241231282552 0.023849546909332275 0.08121693929036458 0.04699888825416565
0 0.08537394205729167 0.028793108463287354 0.1298648410373264 0.05731072425842285
0 0.5416295369466145 0.050772422552108766 0.09912007649739583 0.10154484510421753
0 0.5203705681694879 0.737604808807373 0.11132168240017361 0.09881582260131835
0 0.46428392198350693 0.48908510208129885 0.12879876030815973 0.0790496826171875
0 0.3239227506849501 0.041119739413261414 0.09351497226291233 0.0821766197681427
0 0.96502685546875 0.10570686161518097 0.0695831298828125 0.060950225591659545
0 0.4392968071831597 0.2766118049621582 0.09611036512586806 0.08477611541748047
