0 0.07267706394195557 0.07557881673177083 0.0431485652923584 0.10186750623914931
0 0.06058401912450791 0.7627003139919705 0.037758877873420714 0.06781192355685764
0 0.504388427734375 0.1136093987358941 0.046457099914550784 0.0708465576171875
0 0.2732396125793457 0.09497222900390626 0.05601816177368164 0.07438134087456597
0 0.17463061809539795 0.7380584716796875 0.049804401397705075 0.1129184299045139
0 0.4504841327667236 0.9115241156684027 0.031752395629882815 0.07470872667100695
0 0.3865912914276123 0.22414491441514756 0.03958396911621094 0.10622406005859375
0 0.08961795568466187 0.1643039279513889 0.06252477169036866 0.06734551323784722
0 0.6066288471221923 0.09337539672851562 0.04953641891479492 0.13700832790798612
0 0.033236435055732726 0.3674629211425781 0.06310728192329407 0.12850901285807292
0 0.6507266998291016 0.9661568535698785 0.033130836486816403 0.06494072808159722
0 0.5807621002197265 0.32261021931966144 0.043932342529296876 0.08520016140407986
0 0.08442599773406982 0.7382630242241753 0.02952423095703125 0.08913489447699653
0 0.05077647566795349 0.8414766947428386 0.030293619632720946 0.09293060302734375
0 0.35026581287384034 0.8930028279622396 0.05918607711791992 0.08296254475911459
0 0.5151144981384277 0.32142071194118926 0.025139808654785156 0.06869591606987847
0 0.22442917823791503 0.7756673177083333 0.03923444747924805 0.0912261962890625
0 0.4196519374847412 0.8346090528700086 0.049562263488769534 0.08515896267361112
0 0.09048134088516235 0.4192697313096788 0.05081331729888916 0.06578521728515625
0 0.4199423313140869 0.263372548421224 0.05499477386474609 0.06495836046006945
0 0.35442914962768557 0.410349358452691 0.03714766502380371 0.06984998914930556
0 0.4601400375366211 0.8327594333224826 0.03589715957641602 0.0713531494140625
0 0.3091446399688721 0.8735973782009548 0.03011484146118164 0.07961595323350694
0 0.0923393964767456 0.5884368896484375 0.030717968940734863 0.08145531548394097
0 0.1362645983695984 0.5987274169921875 0.0339083194732666 0.08643324110243056
0 0.5653197765350342 0.718433125813802 0.05937614440917969 0.07336222330729167
0 0.4197562336921692 0.7381208631727431 0.042398810386657715 0.04919026692708333
0 0.07209075093269349 0.9294338650173611 0.04015768766403198 0.06915181477864583
0 0.11178984642028808 0.6840692308213976 0.03420436382293701 0.03836805555555556
0 0.030354005098342896 0.4456164042154948 0.04792190790176391 0.06001315646701389
0 0.5564275741577148 0.6207168579101563 0.057428741455078126 0.10845506456163194
0 0.006001585721969604 0.794941880967882 0.011846581101417541 0.07650858561197917
0 0.431011962890625 0.48381974962022567 0.04062089920043945 0.05348782009548611
0 0.4254289627075195 0.40787150065104166 0.04867095947265625 0.05587158203125
0 0.6016069889068604 0.5683887905544704 0.026653480529785157 0.065032958984375
0 0.02879641056060791 0.7840912712944879 0.030181878805160524 0.08849063449435764
0 0.030565200617283957 0.9778749428440786 0.029494598765432086 0.04239826245999102
0 0.35818222736625516 0.9675868770004572 0.043010545267489715 0.06297439414723366
