0 0.3270896275838216 0.2031843662261963 0.09965612623426649 0.046243906021118164
0 0.7918638441297743 0.34260129928588867 0.11013692220052083 0.03917155265808105
0 0.5523478190104166 0.38882148265838623 0.0891326904296875 0.03649601936340332
0 0.30955005221896703 0.6865115165710449 0.06483425564236112 0.04090118408203125
0 0.4951902601453993 0.7300721645355225 0.08013203938802084 0.04482755661010742
0 0.477913581000434 0.35239415168762206 0.04480217827690972 0.04324026107788086
0 0.5639901055230034 0.6821609497070312 0.07174072265625 0.05264492034912109
0 0.8028810289171007 0.9714632034301758 0.05493706597222222 0.030866241455078124
0 0.7135565863715277 0.5152041435241699 0.08024868435329861 0.042703437805175784
0 0.9756348503960504 0.02105669230222702 0.047698126898871526 0.041574063897132876
