0 0.26805412769317627 0.8800577799479167 0.06390247344970704 0.13779975043402778
0 0.8446561813354492 0.49475826687282987 0.06763038635253907 0.16459520128038194
0 0.3842918395996094 0.9283886379665799 0.06649713516235352 0.07987772623697917
0 0.5964621543884278 0.902521260579427 0.056953716278076175 0.1444007025824653
0 0.7080537796020507 0.6254648844401042 0.08463058471679688 0.08159722222222222
0 0.2761115074157715 0.7655609130859375 0.06149015426635742 0.1284756130642361
0 0.9163466453552246 0.31294805738661025 0.055169868469238284 0.08705876668294271
0 0.6916651725769043 0.802119869656033 0.043867301940917966 0.07181752522786458
0 0.6459020614624024 0.41571375528971355 0.048468017578125 0.11734398735894097
0 0.5875674247741699 0.806748792860243 0.06282615661621094 0.08286370171440972
0 0.915592098236084 0.6090701633029514 0.04817676544189453 0.09891459147135416
0 0.2828461926157882 0.336209249797983 0.061119214499869005 0.12884617971749374
0 0.10987868309020996 0.14591344197591147 0.05751988887786865 0.10295215182834201
0 0.6324745178222656 0.6592325846354167 0.054701614379882815 0.07112833658854166
0 0.0950781524181366 0.27068184746636287 0.04649521112442016 0.0830259535047743
0 0.33514387607574464 0.3833045959472656 0.050662803649902347 0.05488382975260417
0 0.4758175849914551 0.8642682393391927 0.04765872955322266 0.07317284478081597
0 0.7722586631774903 0.6813927544487848 0.06577854156494141 0.0742916531032986
0 0.7904984474182128 0.9224795871310764 0.06184310913085937 0.08304036458333333
0 0.21628355979919434 0.0753867679172092 0.04640460014343262 0.11373757256401909
0 0.3801877975463867 0.2356864505343967 0.037925195693969724 0.07062030368381077
0 0.4347951412200928 0.20222549438476561 0.0542088508605957 0.056767442491319445
0 0.6038571357727051 0.3786648220486111 0.036513328552246094 0.07538570827907987
0 0.1564232349395752 0.09640057881673177 0.050318002700805664 0.1097577412923177
0 0.15185253620147704 0.458026123046875 0.08177752494812011 0.09384969075520834
0 0.029489290714263917 0.0429170396592882 0.03633826971054077 0.0786500718858507
0 0.2481600284576416 0.9674401177300347 0.04117527008056641 0.06511976453993056
0 0.5067504405975342 0.048724789089626734 0.030533313751220703 0.06100675794813368
0 0.013532307744026185 0.43026614718967016 0.02651268243789673 0.09264865451388889
0 0.7986392021179199 0.9786206563313802 0.04833354949951172 0.04275868733723958
0 0.5866426405867909 0.11534394020418272 0.07569845866381636 0.1301973951110564
0 0.6963972448333492 0.74514869751969 0.05054900626826087 0.049917991245342186
0 0.17410132884979249 0.2618573930528429 0.05222353935241699 0.0502121819390191
0 0.9910448074340821 0.14373541937934028 0.01761627197265625 0.07034946017795139
0 0.7258598804473877 0.7592302958170573 0.021446704864501953 0.06814253065321181
0 0.7957106590270996 0.22999360826280382 0.032906723022460935 0.050225830078125
0 0.05344192981719971 0.4002704196506076 0.03835831880569458 0.09089219835069444
0 0.7089684959349593 0.6959123757904246 0.0558943089430894 0.0553297199638663
