0 0.491151237487793 0.1952981736924913 0.08082618713378906 0.13552788628472223
0 0.031261101365089417 0.05485051472981771 0.06208693385124207 0.10702582465277778
0 0.836069893836975 0.18477698432074652 0.07849307060241699 0.08898688422309028
0 0.5462024688720704 0.8232044643825955 0.07602462768554688 0.0932345920138889
0 0.44661693572998046 0.4668548583984375 0.0881998062133789 0.10238291422526041
0 0.04638069272041321 0.4088048299153646 0.05619802474975586 0.1020263671875
0 0.03983888030052185 0.7983045789930555 0.0796777606010437 0.13859049479166666
0 0.8060604095458984 0.4092614067925347 0.07003345489501953 0.1587522718641493
0 0.5567469596862793 0.1966827392578125 0.05814571380615234 0.07598181830512153
0 0.6127424240112305 0.6500822279188369 0.06893596649169922 0.113824462890625
0 0.9231597900390625 0.911443583170573 0.0742300033569336 0.1632758246527778
0 0.9434551239013672 0.353985595703125 0.08014335632324218 0.12357245551215278
0 0.7447666168212891 0.9299185858832465 0.09407405853271485 0.11684163411458333
0 0.6229736328125 0.8298265245225694 0.07861804962158203 0.2100738525390625
0 0.7706161975860596 0.798176744249132 0.06257333755493164 0.17129448784722223
0 0.8738980293273926 0.05298580593532986 0.052183914184570315 0.06181911892361111
0 0.9812753677368165 0.6755489773220487 0.03744926452636719 0.10973171657986111
0 0.9787598609924316 0.27563769022623696 0.038683509826660155 0.08953009711371528
0 0.036015945672988894 0.6542572021484375 0.07203189134597779 0.12418111165364583
0 0.4642916202545166 0.8111438327365451 0.0985605239868164 0.12559271918402778
0 0.6996258735656739 0.07057393391927083 0.045944595336914064 0.07115749782986111
0 0.9445589065551758 0.21015362209743924 0.05733489990234375 0.08598971896701389
0 0.8634763717651367 0.2663742913140191 0.06509323120117187 0.12171868218315972
0 0.6641012668609619 0.5973099602593316 0.07239112854003907 0.07422570122612847
0 0.6871824741363526 0.019731712341308594 0.06970224380493165 0.03946342468261719
0 0.8333450317382812 0.02275263468424479 0.062084197998046875 0.044165717230902776
0 0.8950870513916016 0.1885907491048177 0.042769241333007815 0.09207246568467882
0 0.9810731887817383 0.43912150065104166 0.03757915496826172 0.10701090494791667
