0 0.05774349636501736 0.08611153960227966 0.07389051649305556 0.07023264169692993
0 0.1994651370578342 0.24563589096069335 0.08579745822482639 0.055950164794921875
0 0.09469752841525608 0.3959843158721924 0.0938749525282118 0.05465145111083984
0 0.8851381089952257 0.12840076684951782 0.06617363823784722 0.0598393440246582
0 0.05847566392686632 0.7797407150268555 0.09710964626736111 0.06813907623291016
0 0.5537712944878472 0.09941562414169311 0.08617197672526042 0.06585290431976318
0 0.06253865559895834 0.2861655235290527 0.1186094495985243 0.05446887016296387
0 0.4821946885850694 0.07883978486061097 0.06121622721354167 0.04983457326889038
0 0.6372984144422743 0.1803673028945923 0.10938822428385417 0.04004931449890137
0 0.5265246921115452 0.8215964317321778 0.08357476128472222 0.05003929138183594
0 0.23017535739474826 0.7994600772857666 0.09056888156467013 0.04418783187866211
0 0.04997066921657986 0.5213003158569336 0.09749518500434028 0.04794807434082031
0 0.9549124823676215 0.5892924308776856 0.06197882758246528 0.05930023193359375
0 0.16974071926540799 0.6064931869506835 0.10345357259114583 0.042473793029785156
0 0.7660948011610244 0.7389912128448486 0.1158845689561632 0.07081756591796876
0 0.2706812540690104 0.40809340476989747 0.06942884657118055 0.05366706848144531
0 0.9535410563151042 0.01841863989830017 0.07023349338107639 0.03682783842086792
0 0.9306282891167534 0.20432019233703613 0.0866180419921875 0.03146181106567383
0 0.7625735812717014 0.8323341369628906 0.08616875542534722 0.04644279479980469
0 0.9050954182942709 0.4899901866912842 0.08384501139322917 0.04483346939086914
0 0.662750244140625 0.22415835857391359 0.10433858235677083 0.04633975028991699
0 0.3939610799153646 0.42924861907958983 0.07270253499348958 0.05557594299316406
0 0.10193142361111111 0.9742856025695801 0.08024512396918403 0.05067882537841797
0 0.957653299967448 0.23880691528320314 0.06314646402994792 0.05685782432556152
0 0.027217144436306424 0.22338106632232665 0.052251180013020836 0.049572420120239255
0 0.8835306803385417 0.1772007942199707 0.04929945203993055 0.04268589019775391
0 0.8472079806857639 0.03157237842679024 0.05269504123263889 0.047672174870967865
0 0.21365250481499565 0.46645679473876955 0.07588890923394097 0.05274181365966797
0 0.403985595703125 0.7062540054321289 0.06987270779079861 0.044879722595214847
0 0.7013051350911458 0.7799431324005127 0.0886722140842014 0.036875438690185544
0 0.5346683078342014 0.7276471138000489 0.07163357204861111 0.05958986282348633
0 0.10456000434027778 0.05120546817779541 0.10730048285590278 0.04050048589706421
0 0.9479381985134548 0.15992999076843262 0.09488152398003472 0.03793420791625977
0 0.39559894137912327 0.306593656539917 0.07826555040147569 0.06267528533935547
0 0.6928494771321615 0.8154032707214356 0.09786478678385417 0.040154647827148435
0 0.4151112026638455 0.0844527006149292 0.08949313693576388 0.03674380779266358
0 0.7384007771809896 0.3414922714233398 0.06598392062717014 0.05097970962524414
0 0.39720823499891494 0.12158207595348358 0.09859178331163194 0.044210344552993774
0 0.8275405883789062 0.44087934494018555 0.07276475694444444 0.06115884780883789
0 0.42525126139322916 0.8787371635437011 0.11173909505208333 0.046733856201171875
0 0.7612164815266927 0.9437747955322265 0.11376308865017361 0.043877792358398435
0 0.11425018310546875 0.018786638975143433 0.08167190551757812 0.03742009401321411
0 0.15979707505967883 0.7351895332336426 0.0813051011827257 0.06224327087402344
0 0.9790022673430266 0.7312328410087015 0.040143613462094906 0.05517401535073615
0 0.6947803073459201 0.9009413719177246 0.07616034613715278 0.055779457092285156
0 0.8957245720757379 0.021190202236175536 0.054850260416666664 0.04238040447235107
0 0.5122915479871962 0.7837780475616455 0.08394249810112847 0.029986095428466798
0 0.4212305704752604 0.7954226016998291 0.089208984375 0.05287103652954102
0 0.1561618381076389 0.49345808029174804 0.08372260199652778 0.05904407501220703
0 0.6199359469943576 0.02224774956703186 0.08170912000868055 0.037977558374404904
0 0.37221739027235246 0.011293889582157135 0.07298753526475694 0.02258777916431427
0 0.7635030110677083 0.19756380319595337 0.07813924153645833 0.04050390720367432
0 0.33652555677625867 0.8982122421264649 0.07690056694878472 0.06000080108642578
0 0.901519775390625 0.08314488530158996 0.0981048583984375 0.043002641201019286
0 0.9782327729191479 0.47976964579688175 0.043459516553197006 0.05782181951734753
0 0.9656904966982487 0.3383107971467405 0.0686190066035026 0.04519688115871538
0 0.7327077229817708 0.21621735095977784 0.0666900634765625 0.035471105575561525
0 0.5916648017035591 0.8020279884338379 0.10569051106770834 0.03972301483154297
0 0.25600738525390626 0.5932461738586425 0.08517608642578126 0.037864303588867186
0 0.5740664164225261 0.7639691352844238 0.07347293429904514 0.04795570373535156
0 0.3674519856770833 0.6511154174804688 0.08976508246527778 0.06614885330200196
0 0.5112567477756076 0.2358692169189453 0.07403055826822917 0.054334592819213864
0 0.23780831231011285 0.009235750138759612 0.07323676215277777 0.01838867664337158
0 0.5533679538302951 0.9147817611694335 0.10842929416232638 0.05029220581054687
0 0.01872745090060764 0.6333251953125 0.03240390353732639 0.04778614044189453
0 0.7398087395562066 0.25175886154174804 0.06755015055338541 0.04530491828918457
0 0.407883792453342 0.19973785877227784 0.0892091539171007 0.03192591667175293
0 0.7761511908637153 0.37548232078552246 0.07797309027777778 0.040898704528808595
0 0.4699639214409722 0.26456336975097655 0.06372646755642361 0.038335227966308595
0 0.4250622219509549 0.7392196655273438 0.07203911675347222 0.041848945617675784
0 0.01637666490342882 0.3453432321548462 0.031049431694878473 0.03124246597290039
0 0.6172133551703559 0.7139598846435546 0.09831678602430556 0.0647317886352539
0 0.6582687338501292 0.5177648578811369 0.11843238587424636 0.04239341085271319
