0 0.37260301378038196 0.4110068202018738 0.1006622314453125 0.0546743631362915
0 0.22846120198567707 0.5185546875 0.11399586995442708 0.040541458129882815
0 0.28956086900499134 0.3220532894134521 0.0692045423719618 0.039468002319335935
0 0.38918660481770834 0.7360230922698975 0.08141682942708334 0.058979034423828125
0 0.7482269287109375 0.07542136311531067 0.0900665283203125 0.04073423147201538
0 0.7723256429036458 0.21256036758422853 0.06167195638020833 0.04442873001098633
0 0.1140684339735243 0.2909054756164551 0.06587693956163194 0.049261856079101565
0 0.45736575656467016 0.7586875915527344 0.06004096137152778 0.048706436157226564
0 0.2776029374864366 0.8915925979614258 0.09951570298936632 0.038942909240722655
0 0.7534752739800348 0.441145133972168 0.08233235677083334 0.03442850112915039
0 0.5720181783040365 0.8560164451599122 0.0761506822374132 0.05676193237304687
0 0.2967471228705512 0.9592917442321778 0.08433812459309896 0.03271064758300781
0 0.7797654893663194 0.7169602394104004 0.06487596299913194 0.0460209846496582
0 0.21858033074273003 0.947262191772461 0.06654544406467014 0.04951953887939453
0 0.6726698981391059 0.45755577087402344 0.05760226779513889 0.041739463806152344
0 0.3543902079264323 0.07931268811225892 0.08750152587890625 0.04344280958175659
0 0.3483427259657118 0.9184515953063965 0.04214714898003472 0.04010639190673828
0 0.09599901835123698 0.517951250076294 0.10805206298828125 0.03965206146240234
0 0.3804797702365451 0.6984460830688477 0.10450100368923611 0.03518695831298828
0 0.2893392350938585 0.6479050636291503 0.057705518934461804 0.05487613677978516
0 0.7468441433376736 0.036860115081071856 0.06846567789713541 0.033384858071804045
0 0.25989761352539065 0.12640907764434814 0.06851543850368924 0.04776895046234131
0 0.23423894246419272 0.9847955703735352 0.0901607937282986 0.029665374755859376
0 0.5417736477322048 0.5485350608825683 0.06770833333333333 0.05120429992675781
0 0.7244050767686632 0.3958949089050293 0.050856865776909725 0.033580780029296875
0 0.23330412970648873 0.026165342330932616 0.08346464369032118 0.04736037850379944
0 0.18565665351019967 0.819039249420166 0.059443155924479164 0.04093513488769531
0 0.04768413967556424 0.8191077232360839 0.044805908203125 0.038068389892578124
0 0.4051639133029514 0.9255867958068847 0.06879442003038194 0.050813484191894534
0 0.4826588948567708 0.5838059425354004 0.120257568359375 0.060050010681152344
0 0.7735013326009115 0.7596688270568848 0.06608395046657986 0.024439430236816405
0 0.6551144070095486 0.5124619483947754 0.062291124131944445 0.04768829345703125
0 0.6001942952473959 0.907162094116211 0.07092946370442708 0.0345184326171875
0 0.6926250881618924 0.045959821343421935 0.0574737548828125 0.031537145376205444
0 0.6753658718532987 0.8430732727050781 0.06294657389322916 0.027772140502929688
0 0.8718110826280382 0.5394895076751709 0.052819146050347224 0.03732213973999023
0 0.8748101128472222 0.20197994709014894 0.04648098415798611 0.04093832969665527
0 0.5868013364487271 0.03555910469810597 0.05114150204918678 0.045145231464003184
0 0.49489610460069444 0.5341548919677734 0.07700398763020834 0.027527618408203124
0 0.01604953342013889 0.5090592384338379 0.0318878173828125 0.036173248291015626
0 0.832659657796224 0.42775115966796873 0.0636322021484375 0.030107402801513673
0 0.8203758494970762 0.4580717946466152 0.04722122016156271 0.04129368669243269
0 0.6876742333731581 0.018089157706093227 0.08164078056551181 0.027441756272401432
0 0.6179808841099165 0.02592965949820792 0.05973715651135015 0.04760304659498207
