0 0.11562220255533855 0.6451488971710205 0.04829762776692708 0.03864583969116211
0 0.5228075663248698 0.1370510697364807 0.05549062093098958 0.029342293739318848
0 0.48685421413845487 0.6251706123352051 0.041142442491319445 0.039781379699707034
0 0.8664697093643444 0.1626812854402071 0.06841949414101522 0.03652292072630044
0 0.9769265916612413 0.5420609474182129 0.04614681667751736 0.017079734802246095
0 0.06166703965928819 0.43028564453125 0.06527540418836805 0.019232940673828126
0 0.9167653401692708 0.0742923378944397 0.051564195421006945 0.032827448844909665
0 0.9456127590603298 0.8706650733947754 0.05877838134765625 0.026820564270019533
0 0.7245412190755208 0.5844207286834717 0.0487457275390625 0.03739509582519531
0 0.03917357253926677 0.23372837147838493 0.06966777631768284 0.038125208184587575
0 0.6827787611219618 0.7964178085327148 0.041203816731770836 0.034132766723632815
0 0.42258648342556426 0.22939903736114503 0.03705190022786458 0.032735586166381836
0 0.7106825086805556 0.720461082458496 0.052118937174479164 0.028326034545898438
0 0.09072354634602865 0.7642221450805664 0.042292022705078126 0.033790302276611325
0 0.740950690375434 0.8478633880615234 0.07296871609157986 0.027426528930664062
0 0.04538760715060764 0.5013792037963867 0.04485321044921875 0.03602542877197266
0 0.9127119276258681 0.4292755603790283 0.06170010036892361 0.03708229064941406
0 0.5728814019097223 0.9069215774536132 0.05604146321614583 0.04321498870849609
0 0.4782055324978299 0.04053680598735809 0.04019690619574653 0.03634958863258362
0 0.6504881117078993 0.12300198078155518 0.06053975423177083 0.026208972930908202
0 0.5339357164171007 0.22702162265777587 0.04238620334201389 0.03829655647277832
0 0.11248503790961371 0.8788621902465821 0.07623943752712674 0.026997756958007813
0 0.027060021294487847 0.5784109115600586 0.050630611843532985 0.024984169006347656
0 0.8859537760416667 0.7294146537780761 0.055026075575086805 0.028624534606933594
0 0.8516805860731337 0.07038164138793945 0.07455919053819444 0.03255746364593506
0 0.3543922783119533 0.7889707639634752 0.08671237916079898 0.031695762240915214
0 0.05199326409233941 0.04857872426509857 0.053795878092447916 0.02475671172142029
0 0.4259699503580729 0.3716930389404297 0.047333441840277775 0.04241609573364258
0 0.603052266438802 0.2193608045578003 0.057543436686197914 0.02860851287841797
0 0.7616100735134549 0.6128088474273682 0.04904513888888889 0.035681533813476565
0 0.9674894544813368 0.9626873016357422 0.05440707736545139 0.026441192626953124
0 0.05758633083767361 0.31573169231414794 0.04031745062934028 0.031737136840820315
0 0.06953158908420139 0.35709266662597655 0.07273305257161458 0.027045726776123047
0 0.11702940199110243 0.6973901748657226 0.04106953938802083 0.03457860946655274
0 0.9540512084960937 0.1267619848251343 0.06693386501736111 0.02249770164489746
0 0.24811570909288194 0.44979157447814944 0.04847513834635417 0.03591165542602539
0 0.5126139322916666 0.043188297748565675 0.03509945339626736 0.03416767120361328
0 0.742712656656901 0.3666804790496826 0.0716886732313368 0.03489189147949219
0 0.21298819647894965 0.5193337440490723 0.03924221462673611 0.03253459930419922
0 0.9700037638346354 0.5675634384155274 0.04231431749131945 0.037747955322265624
0 0.6336190965440538 0.8365921020507813 0.06776241726345486 0.03378486633300781
0 0.7233404371473524 0.2230851650238037 0.04439137776692708 0.029776382446289062
0 0.6121315850151909 0.6999978065490723 0.054871283637152775 0.023922157287597657
0 0.8670733981662326 0.8077667236328125 0.06519063313802083 0.026070594787597656
0 0.6591138203938802 0.4441657066345215 0.04479929606119792 0.038414955139160156
0 0.3847286648220486 0.23512258529663085 0.04244723849826389 0.04138479232788086
0 0.9008838229709202 0.1357366442680359 0.05210164388020833 0.02964451313018799
0 0.9460742526584202 0.28034846782684325 0.043132188585069446 0.039698028564453126
0 0.586431884765625 0.8477874755859375 0.04975874159071181 0.044791221618652344
0 0.18803872002495658 0.7347978591918946 0.04328731960720486 0.03620595932006836
0 0.33290676540798614 0.44561033248901366 0.030543009440104168 0.029988574981689452
0 0.132456546359592 0.4659871578216553 0.03650800916883681 0.03223972320556641
0 0.5044162326388889 0.3325295686721802 0.04512057834201389 0.028079795837402343
0 0.51961669921875 0.16530270576477052 0.05349917941623264 0.02351717948913574
0 0.16615452236599393 0.05726938247680664 0.039199744330512154 0.030331361293792724
0 0.314292771715245 0.07838384251800373 0.03901371049969921 0.03725209913665444
0 0.406402587890625 0.20153408050537108 0.0629669189453125 0.03293280601501465
0 0.9537531534830729 0.496751594543457 0.04946272108289931 0.03741950988769531
0 0.1999227311876085 0.12250850200653077 0.032291751437717016 0.03164153099060059
0 0.4570161607530382 0.26133012771606445 0.05423516167534722 0.04437379837036133
0 0.338662232293023 0.34812040328979493 0.044217554728190105 0.029136848449707032
0 0.4335991753472222 0.15749664306640626 0.05231696234809028 0.04124407768249512
0 0.8030343797471788 0.32025487422943116 0.06993509928385416 0.02740483283996582
0 0.3125787523057726 0.03739868998527527 0.06258697509765625 0.025861847400665283
0 0.2436862521701389 0.7444339752197265 0.060353257921006945 0.03698577880859375
0 0.4546388414171007 0.5457850456237793 0.044225056966145836 0.030402565002441408
0 0.9158727010091146 0.9028197288513183 0.05353427463107639 0.02045440673828125
0 0.8706856621636285 0.3279533624649048 0.04179755316840278 0.040709924697875974
0 0.7562457614474827 0.8242088317871094 0.06853162977430556 0.023723602294921875
0 0.03591050042046441 0.14693340063095092 0.03307011922200521 0.02861144542694092
0 0.5263741387261285 0.670180368423462 0.05401611328125 0.024864006042480468
0 0.478017585931255 0.14774744320544694 0.03530508926192384 0.032667583613086956
0 0.9187262641059027 0.33693599700927734 0.05042690700954861 0.022605705261230468
0 0.1359246571858724 0.23298077583312987 0.03627819485134549 0.032802581787109375
0 0.8744607895430074 0.5307873975172889 0.06176320641891422 0.028727962759187164
0 0.44450615776909724 0.9692178726196289 0.039423624674479164 0.03626861572265625
0 0.8839859008789063 0.6563615798950195 0.061116536458333336 0.030285072326660157
0 0.10544069078233508 0.03922317028045654 0.0634552001953125 0.023252296447753906
0 0.8861024644639757 0.8420877456665039 0.0595306396484375 0.022973251342773438
0 0.1007389916314019 0.7277406692504883 0.05499021742078993 0.021759986877441406
0 0.09508450826009114 0.9719999313354493 0.04594107733832465 0.02925262451171875
0 0.21492843627929686 0.08252552747726441 0.07324642605251735 0.027071809768676756
0 0.30736863878038195 0.4546840190887451 0.035239325629340276 0.023379707336425783
0 0.29521191914876305 0.3500492095947266 0.044175804985894095 0.03325510025024414
0 0.5114384121365018 0.2659726619720459 0.05326266818576389 0.017374610900878905
0 0.24116414388020832 0.012111156433820724 0.07458123101128472 0.024222312867641448
0 0.6330078972710503 0.16563863754272462 0.05570441351996528 0.023514747619628906
0 0.07234280904134115 0.5860638618469238 0.04304673936631945 0.020279693603515624
0 0.4675526936848958 0.8174993515014648 0.05100470648871528 0.019493484497070314
0 0.5958502875434027 0.5770423889160157 0.053666008843315974 0.020261192321777345
0 0.14488245483528545 0.7875232066467798 0.03410932427560556 0.03135636533192875
0 0.19571092393663195 0.7683998584747315 0.04883931477864583 0.024162960052490235
0 0.16172281901041666 0.13177666664123536 0.04546949598524305 0.03158659934997558
0 0.24517584906684028 0.8894821166992187 0.05613081190321181 0.02635955810546875
0 0.44955325656467016 0.46453609466552737 0.045827229817708336 0.03881855010986328
0 0.5655715942382813 0.7513876914978027 0.04362657335069445 0.03439826965332031
0 0.6415069580078125 0.515682315826416 0.03521084255642361 0.029512786865234376
0 0.46332227918836805 0.11460449993610382 0.03795606825086806 0.03565325140953064
0 0.11813278198242187 0.0622960090637207 0.06497328016493055 0.02628720998764038
0 0.8675050523546007 0.4993124961853027 0.054676988389756945 0.03593292236328125
0 0.9554189046223959 0.7327604293823242 0.06869269476996528 0.025028419494628907
0 0.2881550682915582 0.18369297981262206 0.055607435438368054 0.02483358383178711
0 0.23279474046495224 0.23027644157409669 0.037115054660373265 0.03444795608520508
0 0.15785191853841146 0.9738282203674317 0.06460520426432291 0.026696014404296874
0 0.39373575846354164 0.126365327835083 0.03629489474826389 0.02150411605834961
0 0.7066429138183594 0.9637650489807129 0.0698699951171875 0.02838001251220703
0 0.33671332465277776 0.2959666013717651 0.038109503851996525 0.026476955413818358
0 0.10102564493815104 0.5065690994262695 0.04002838134765625 0.023472023010253907
0 0.2291726854112413 0.04042776525020599 0.04157392713758681 0.03879902958869934
0 0.09835959540473091 0.24424824714660645 0.05084974500868056 0.028683948516845702
0 0.15004823472764756 0.3598254919052124 0.05046963161892361 0.024442005157470702
0 0.06109643636815808 0.8294562769736603 0.06179327168148295 0.033158788978338787
0 0.6849318610297309 0.41890363693237304 0.06271938747829861 0.022608566284179687
0 0.6822994656032986 0.4791743278503418 0.0458160400390625 0.032543087005615236
0 0.9825774722629124 0.4134190082550049 0.034845055474175345 0.03858261108398438
0 0.44260211520724824 0.4337000846862793 0.06748250325520834 0.022764015197753906
0 0.5008321126302083 0.24700653553009033 0.04149407280815972 0.026001119613647462
0 0.7617135789659288 0.6632872581481933 0.04761640760633681 0.02605428695678711
0 0.020527606540256076 0.011479402333498001 0.03721347384982639 0.022929035127162933
0 0.8006383260091146 0.887303352355957 0.0448699951171875 0.019873046875
0 0.7036270141601563 0.3792564868927002 0.04426744249131945 0.035101699829101565
0 0.5896236843532986 0.015919320285320282 0.04347279866536458 0.031838640570640564
0 0.8535463968912761 0.8548503875732422 0.0346467759874132 0.029456329345703126
0 0.2987030029296875 0.8502054214477539 0.04301181369357639 0.030110549926757813
0 0.311531745062934 0.17104244232177734 0.03319498697916667 0.037606024742126466
0 0.9497063530815972 0.3076890468597412 0.0510528564453125 0.02533884048461914
0 0.5032462226019965 0.18788737058639526 0.03527119954427083 0.02672412395477295
0 0.7671671549479167 0.17785362005233765 0.04217902289496528 0.016262578964233398
0 0.21823692321777344 0.9304771423339844 0.043741607666015626 0.028467941284179687
0 0.8239696926540798 0.9237735748291016 0.06309882269965278 0.02144489288330078
0 0.2676661597357856 0.8262353897094726 0.05248743693033854 0.020273208618164062
0 0.7433831108940973 0.8973737716674804 0.05340033637152778 0.021123313903808595
0 0.4612502204047309 0.23592081069946289 0.04508836534288194 0.022890758514404298
0 0.16407546997070313 0.21591548919677733 0.03619045681423611 0.0307647705078125
0 0.615158243481712 0.7317614358677853 0.040799953217764244 0.03145614505100021
0 0.6471558464898004 0.49254794120788575 0.04672970241970486 0.02081270217895508
0 0.7028308444552951 0.5107336044311523 0.05418802897135417 0.018655776977539062
0 0.36879069010416665 0.3431992530822754 0.03211941189236111 0.025000286102294923
0 0.08211713049400975 0.08657917879182374 0.04906176885477296 0.02236022754824707
0 0.27228092617458766 0.8091327667236328 0.057695431179470485 0.019579315185546876
0 0.8542382134331598 0.7463865280151367 0.03332926432291667 0.030291748046875
0 0.081842041015625 0.009515565633773804 0.07503077189127604 0.018843871355056763
0 0.1890795389811198 0.7903060913085938 0.04952629937065972 0.021414756774902344
0 0.3538019816080729 0.6430569648742676 0.05752393934461805 0.025308990478515626
0 0.6284498426649305 0.009880899637937545 0.048565673828125 0.01976179927587509
0 0.8383232964409723 0.19003318548202514 0.04271341959635417 0.01842045783996582
0 0.2028087192111545 0.05663809925317764 0.03829786512586805 0.03078009784221649
0 0.5055562337239583 0.49683756828308107 0.03963046603732639 0.024949932098388673
0 0.9857899559868707 0.3562642812728882 0.02842008802625868 0.019758987426757812
0 0.677744886610243 0.3957683563232422 0.037119547526041664 0.025782966613769533
0 0.49927732679578996 0.4742452621459961 0.0535369873046875 0.02121114730834961
0 0.8950377570258247 0.7583237648010254 0.044244384765625 0.025115203857421876
0 0.8980682373046875 0.7817511558532715 0.0315704345703125 0.022051429748535155
0 0.9636416965060763 0.46445398330688475 0.04154849582248264 0.02685413360595703
0 0.6033239576551649 0.11640636920928955 0.04215257432725694 0.02546205520629883
0 0.9832105000813802 0.6971653938293457 0.03357899983723958 0.020543479919433595
0 0.9800323486328125 0.9894064426422119 0.039935302734375 0.02118711471557617
0 0.6332957797580295 0.47603778839111327 0.049756368001302086 0.014490318298339844
0 0.020640267266167536 0.8300621032714843 0.0387009514702691 0.027409744262695313
0 0.794314646447718 0.7467302301804797 0.045730278773400655 0.01800536697717021
0 0.9841545952690972 0.4920821666717529 0.028047010633680557 0.021845626831054687
0 0.46920166015625 0.5686511516571044 0.06030256483289931 0.021582508087158205
0 0.33306874438600165 0.23833213138351622 0.038765255699086586 0.01261931037445434
0 0.526245072667452 0.4619419285433469 0.05448854661388078 0.017933617278540422
0 0.8096864488389757 0.9047074317932129 0.04321831597222222 0.017794418334960937
0 0.7092678493923611 0.7475251197814942 0.0472810533311632 0.02889423370361328
0 0.8251732872735015 0.33537512746074505 0.04749552205566279 0.01787384579793443
0 0.5226485478284039 0.0054181654676259345 0.056621369571009876 0.011241007194244607
0 0.2928324007460698 0.40313998800959233 0.04996003197442052 0.019484412470023985
0 0.15627498001598722 0.7716576738609112 0.023314681588062894 0.021357913669064744
0 0.9113375965893951 0.8317970623501199 0.03730349054090067 0.026978417266186955
