0 0.5782780965169271 0.6200554847717286 0.16877814398871527 0.06695365905761719
0 0.1717730204264323 0.1181381732225418 0.17865125868055556 0.07306703925132751
0 0.07671313815646702 0.19291384220123292 0.13181016710069443 0.06573872566223145
0 0.6499387953016493 0.25443646907806394 0.15481143527560765 0.06196017265319824
0 0.30459772745768227 0.4689188003540039 0.20315110948350695 0.0771514892578125
0 0.18085945977105033 0.49223642349243163 0.11051194932725694 0.060696887969970706
0 0.12658818562825522 0.4233046531677246 0.16470709906684028 0.053022003173828124
0 0.08493690490722657 0.589083480834961 0.16987380981445313 0.07515144348144531
0 0.17444335089789498 0.24450469017028809 0.2054000006781684 0.06443853378295898
0 0.21743113199869793 0.9297667503356933 0.17008887396918404 0.07228374481201172
0 0.9120364718967013 0.494888973236084 0.16365085177951388 0.07113227844238282
0 0.7300973680284288 0.5902669429779053 0.18739200168185763 0.06238498687744141
0 0.04867477416992187 0.333453369140625 0.09601287841796875 0.05879898071289062
0 0.3487059063381619 0.36181504726409913 0.18681670294867622 0.06324458122253418
0 0.21408763461642796 0.17975765466690063 0.14701817830403646 0.05000536441802979
0 0.2810894860161675 0.7727043628692627 0.18015467325846354 0.06241693496704102
0 0.241414303249783 0.05407148003578186 0.06941613091362847 0.07262952327728271
0 0.5159884982638889 0.36866121292114257 0.10005391438802083 0.07308425903320312
0 0.3240518358018663 0.13599445819854736 0.14447309705946182 0.07105870246887207
0 0.44397226969401044 0.41858348846435545 0.10616624620225694 0.07182350158691406
0 0.04816856384277344 0.09027411341667176 0.09633712768554688 0.06202741861343384
0 0.3000152587890625 0.31086578369140627 0.15584784613715277 0.0537689208984375
0 0.3337198893229167 0.05912042260169983 0.12997606065538195 0.08025490045547486
0 0.8837817721896701 0.9803840637207031 0.1211208767361111 0.03923187255859375
0 0.4421388414171007 0.12352843582630157 0.1267978244357639 0.06924099326133729
0 0.11682234870062934 0.04724365770816803 0.18110326131184895 0.060208624601364134
0 0.9661134507921006 0.3869462966918945 0.06691860622829861 0.05842103958129883
0 0.28046531677246095 0.9784469604492188 0.1877432081434462 0.0431060791015625
0 0.26372901068793403 0.011620837450027465 0.15428314208984376 0.02324167490005493
0 0.5656680636935764 0.9236894607543945 0.07781168619791666 0.06838264465332031
0 0.4820270114474826 0.06492626070976257 0.09173753526475695 0.06476629972457885
0 0.03627149793836806 0.15777204036712647 0.06991661919487847 0.05870223045349121
0 0.7832082112630209 0.648798942565918 0.11749369303385417 0.0383331298828125
0 0.42612397935655383 0.04339354708790779 0.05975680881076389 0.03686494678258896
0 0.9777767605251736 0.8443885803222656 0.042862955729166666 0.06294403076171876
0 0.8823915269639757 0.8983407974243164 0.11395772298177083 0.047930908203125
0 0.968458726671007 0.9854334831237793 0.06115587022569444 0.029010963439941407
0 0.9573107401529948 0.8939504623413086 0.061749267578125 0.04072303771972656
