0 0.943572277492947 0.24682927131652832 0.11285544501410591 0.0899287223815918
0 0.2045321994357639 0.21683555245399475 0.14871436225043402 0.06491774320602417
0 0.7362908257378472 0.7218120574951172 0.08841179741753472 0.06803760528564454
0 0.7750491672092014 0.34511528015136717 0.09140455457899306 0.07814335823059082
0 0.8516694810655382 0.5136875152587891 0.08720024956597222 0.07330379486083985
0 0.5605704413519965 0.6789742469787597 0.12157524956597222 0.06723289489746094
0 0.5303680419921875 0.4397417068481445 0.12934909396701388 0.049853515625
0 0.1622719234890408 0.2906830310821533 0.09007975260416666 0.06270055770874024
0 0.9627477010091146 0.5306105613708496 0.07027994791666667 0.062408447265625
0 0.27470728556315105 0.3826997995376587 0.12109832763671875 0.0948326587677002
0 0.35232340494791664 0.4658787727355957 0.07584465874565972 0.06751708984375
0 0.2790585411919488 0.508776044845581 0.0893996344672309 0.06180992126464844
0 0.11747080485026042 0.5380269050598144 0.11316155327690972 0.08909740447998046
0 0.1551937527126736 0.6874701499938964 0.13502061631944445 0.06391448974609375
0 0.916440921359592 0.30202107429504393 0.16711815728081597 0.05929384231567383
0 0.15916383531358508 0.7470163345336914 0.0950712415907118 0.06853837966918945
0 0.2366689893934462 0.9647352695465088 0.08645248413085938 0.07052946090698242
0 0.18783145480685765 0.5844027042388916 0.07642313639322916 0.061711883544921874
0 0.9672423468695747 0.5942414760589599 0.0655153062608507 0.06537532806396484
0 0.0732861836751302 0.7375257968902588 0.0859035915798611 0.06414709091186524
0 0.37625418768988717 0.32073369026184084 0.11607174343532986 0.047094535827636716
0 0.6850500318739149 0.38206090927124026 0.09100918240017361 0.07763290405273438
0 0.42798936631944445 0.4895653247833252 0.10736897786458334 0.09603700637817383
0 0.05569720798068577 0.12481039762496948 0.10504608154296875 0.04082896709442139
0 0.5719969007703993 0.23328626155853271 0.0773196750217014 0.06952967643737792
0 0.8975709703233506 0.6070274353027344 0.07486097547743055 0.06015167236328125
0 0.41642227172851565 0.2659468650817871 0.1016298082139757 0.07654304504394531
0 0.6260935465494791 0.6319787502288818 0.08361646864149305 0.05788908004760742
0 0.3435853958129883 0.6226687431335449 0.08540034823947483 0.06755084991455078
0 0.370186275906033 0.9567115783691407 0.09504530164930555 0.08392658233642578
0 0.7276404486762152 0.7832823753356933 0.11251593695746528 0.06577854156494141
0 0.4692569308810764 0.7585299491882325 0.078289794921875 0.06839275360107422
0 0.8577606201171875 0.3849003791809082 0.08660142686631944 0.06471223831176758
0 0.21670197380913628 0.04066939949989319 0.09444554646809895 0.08071848154067993
0 0.546952650282118 0.78252272605896 0.1378753662109375 0.042383861541748044
0 0.15393863254123263 0.6279641151428222 0.11669930352105035 0.062069034576416014
0 0.028089989556206597 0.2327566623687744 0.054423014322916664 0.0554295539855957
0 0.0617124769422743 0.17308214902877808 0.12273457845052084 0.05880882740020752
0 0.6894634670681423 0.5393808364868165 0.07740308973524306 0.06805801391601562
0 0.6259056939019098 0.472792387008667 0.11303066677517361 0.06027374267578125
0 0.6026374816894531 0.5177370071411133 0.12927364773220487 0.03878021240234375
0 0.4632703993055556 0.31354103088378904 0.0798373752170139 0.07633790969848633
0 0.11806742350260417 0.023710794746875763 0.08615095350477431 0.04707541167736053
0 0.38066075642903646 0.3765111446380615 0.10640326605902778 0.053236865997314455
0 0.3150340610080295 0.9769759178161621 0.11416982014973959 0.04604816436767578
0 0.2382913377549913 0.27581281661987306 0.10216132269965278 0.06500720977783203
0 0.2770054287380642 0.5713138580322266 0.10680338541666666 0.07020988464355468
0 0.028664737277560765 0.321567177772522 0.05323299831814236 0.06681818962097168
0 0.9088484870062934 0.9857389450073242 0.09264373779296875 0.028485870361328124
0 0.8687769571940104 0.9484182357788086 0.11175401475694445 0.08301544189453125
0 0.015393151177300347 0.739125919342041 0.02880588107638889 0.05925254821777344
0 0.6254505691944509 0.9874235950391114 0.056305292848537226 0.024831040207421752
