0 0.1920825481414795 0.6202835083007813 0.04585442543029785 0.10668368869357639
0 0.2524928092956543 0.6011627197265625 0.054692745208740234 0.07213541666666666
0 0.3835028648376465 0.6988491482204862 0.06525650024414062 0.06559770372178819
0 0.08738991618156433 0.2673837449815538 0.035506713390350345 0.10975714789496528
0 0.254425573348999 0.8392462836371528 0.0659897804260254 0.09469807942708333
0 0.7081784248352051 0.9517213609483507 0.040999221801757815 0.06868082682291667
0 0.3827661991119385 0.1523514641655816 0.03056926727294922 0.07343309190538194
0 0.03240050077438354 0.06589041815863715 0.0386491060256958 0.09620768229166667
0 0.2198268413543701 0.7409405178493924 0.04170079231262207 0.05402153862847222
0 0.08190882205963135 0.03213255140516493 0.041414618492126465 0.06002315945095486
0 0.15018575191497802 0.5741811116536458 0.05731070041656494 0.0704679701063368
0 0.38495640754699706 0.21597485012478299 0.04880514144897461 0.06215854220920139
0 0.24580736160278321 0.385843743218316 0.07359180450439454 0.08660651312934028
0 0.8754767417907715 0.5641512552897135 0.04383220672607422 0.08871714274088542
0 0.7553036689758301 0.8431777106391058 0.041665267944335935 0.09252658420138889
0 0.027512680739164352 0.2491903516981337 0.03967462927103042 0.11047566731770833
0 0.019749712944030762 0.9646586100260417 0.03744989633560181 0.07068277994791666
0 0.09091308116912841 0.3946687486436632 0.05509066581726074 0.11241556803385416
0 0.452632999420166 0.2330062018500434 0.04073810577392578 0.10429857042100694
0 0.9635845184326172 0.19856016370985244 0.05044097900390625 0.04763963487413195
0 0.21842170357704163 0.7940578036838107 0.04735182523727417 0.06648576524522569
0 0.49478874206542967 0.3472902297973633 0.048180580139160156 0.10477934943305121
0 0.21088237762451173 0.4351915995279948 0.0482694149017334 0.11146935356987847
0 0.010382864624261856 0.09669948154025608 0.020765729248523712 0.06060528225368923
0 0.31296520233154296 0.526904296875 0.046579933166503905 0.07423943413628473
0 0.24860010147094727 0.5133689880371094 0.06650409698486329 0.06665835910373263
0 0.049876391887664795 0.34155510796440974 0.050730538368225095 0.0986819797092014
0 0.435118579864502 0.6888040330674913 0.04730644226074219 0.11048617892795139
0 0.15154483318328857 0.4358827379014757 0.03475444316864014 0.07571563720703126
0 0.7673651218414307 0.700067647298177 0.04509048461914063 0.0842132568359375
0 0.6493909358978271 0.04387664794921875 0.04066734313964844 0.07893914116753473
0 0.45454922110084595 0.07851422110870279 0.05406212690399918 0.05932205462089614
0 0.004998976737260819 0.39954054090711805 0.009997953474521638 0.10053829616970486
0 0.32628302845528456 0.728658536585366 0.04382621951219511 0.06662149954832876
0 0.4406122967479675 0.46330171635049683 0.061610772357723616 0.09372177055103886
0 0.46125508130081294 0.6202574525745257 0.03938008130081302 0.11630532971996377
0 0.5114329268292683 0.6801038843721771 0.05335365853658539 0.09146341463414631
0 0.5463668699186992 0.7382565492321589 0.03175813008130082 0.10162601626016249
