0 0.18763355678982205 0.19225802421569824 0.10709626939561633 0.06994142532348632
0 0.8144951714409723 0.5001463890075684 0.10434909396701389 0.09868793487548828
0 0.22690294053819443 0.9779511451721191 0.11682654486762153 0.043720245361328125
0 0.8183349609375 0.02349248230457306 0.08940870496961806 0.04628669023513794
0 0.1459789276123047 0.895118522644043 0.11508212619357638 0.08305244445800782
0 0.6567013210720486 0.44167771339416506 0.09524637858072917 0.0967146873474121
0 0.365114254421658 0.38273067474365235 0.10021006266276042 0.0890716552734375
0 0.14538175794813368 0.5149182319641114 0.13414883083767362 0.11498489379882812
0 0.10605617099338108 0.15559830665588378 0.1050795661078559 0.09697542190551758
0 0.05568334791395399 0.5003347873687745 0.11136669582790798 0.10158090591430664
0 0.04362254672580295 0.6561012268066406 0.0872450934516059 0.10636005401611329
0 0.7936461554633246 0.7760108947753906 0.10079227023654513 0.10399627685546875
0 0.7834195454915365 0.35337061882019044 0.10932261149088542 0.10020580291748046
0 0.42105678982204864 0.8168726921081543 0.11223822699652777 0.10118846893310547
0 0.5151501125759549 0.47758212089538576 0.11557685004340278 0.1030705451965332
0 0.27924893697102865 0.5231352329254151 0.15981470743815104 0.08062152862548828
0 0.20986849466959637 0.6274359226226807 0.12244949340820313 0.09946584701538086
0 0.4726835462782118 0.030302649736404418 0.10973714192708334 0.059697318077087405
0 0.5049482557508681 0.5717511177062988 0.08496941460503472 0.09384622573852539
0 0.9191758049858941 0.9521980285644531 0.09223107231987847 0.08399009704589844
0 0.4340264214409722 0.4192774295806885 0.11372138129340278 0.0888941764831543
0 0.9787496778700087 0.7473568916320801 0.04056939019097222 0.06015224456787109
0 0.017461056179470486 0.37856321334838866 0.033127509223090275 0.04397096633911133
