0 0.9504759470621745 0.5929804801940918 0.09904810587565104 0.040789794921875
0 0.3280533684624566 0.40999622344970704 0.08728179931640626 0.05229883193969727
0 0.49422760009765626 0.8923097610473633 0.09223802354600695 0.03399162292480469
0 0.3514460245768229 0.6698788166046142 0.11138034396701389 0.04449644088745117
0 0.5675554911295573 0.05681799054145813 0.07336629231770833 0.05015295743942261
0 0.35580469767252604 0.5872592926025391 0.07950880262586806 0.026819133758544923
0 0.6262212965223525 0.19600942134857177 0.0665859646267361 0.04873490333557129
0 0.6822215610080296 0.6830989837646484 0.07975379096137153 0.02894287109375
0 0.5765728420681424 0.6740400314331054 0.08297017415364584 0.030827140808105467
0 0.9556637234157986 0.5434606552124024 0.07973887125651041 0.03787784576416016
0 0.2428351508246528 0.44447927474975585 0.0597017076280382 0.04747781753540039
0 0.9753428141276042 0.6907481193542481 0.04931437174479167 0.03636875152587891
0 0.8875393337673612 0.5284485340118408 0.07350192599826388 0.03444480895996094
0 0.6884860568576389 0.6135608196258545 0.07750684950086806 0.02427053451538086
0 0.39146033393012153 0.6346235275268555 0.07343953450520833 0.02777090072631836
0 0.7959898206922743 0.6857734680175781 0.08219434950086806 0.029681873321533204
0 0.08165740966796875 0.4670452117919922 0.06203121609157986 0.052711105346679686
0 0.7587841457790798 0.6594658851623535 0.07686835394965277 0.029158782958984376
0 0.25153783162434895 0.4920977592468262 0.07312130398220486 0.04646797180175781
0 0.3967639499240451 0.41256070137023926 0.05064120822482639 0.03658456802368164
0 0.2210044436984592 0.16655173301696777 0.06826850043402778 0.029147577285766602
0 0.8438395182291667 0.4051229476928711 0.07378031412760416 0.03209075927734375
0 0.05006243387858073 0.7061961174011231 0.056596798366970485 0.0235687255859375
0 0.7150906880696615 0.5314762115478515 0.08653801812065973 0.029172515869140624
0 0.31546141755604856 0.8574049873253479 0.06474182179286975 0.04302271268780527
0 0.8024387783474393 0.5906260490417481 0.0864961412217882 0.027570152282714845
0 0.4661507500542535 0.40994958877563475 0.09115770128038195 0.03510303497314453
0 0.9107217815529502 0.41405358795047736 0.06715821696874769 0.02533274657966557
0 0.13124398125542536 0.48258543014526367 0.08091837565104167 0.029502677917480468
0 0.8582058376736111 0.6995327949523926 0.06735365125868055 0.040494537353515624
0 0.6717900594075521 0.5654513359069824 0.04825541178385417 0.039363861083984375
0 0.9763159857855903 0.21286358833312988 0.046395195855034724 0.05412101745605469
0 0.4873233371310764 0.008819133043289185 0.0877134535047743 0.017407292127609254
0 0.9651737636990018 0.07968412637710572 0.06959923638237847 0.031143331527709962
0 0.44885118272569446 0.20433310866355897 0.061381361219618055 0.024514496326446533
