0 0.6547672695583767 0.027235197275876998 0.14253997802734375 0.04975414425134659
0 0.7636542426215278 0.10577881336212158 0.12423672146267362 0.05102527141571045
0 0.39720840454101564 0.6250868797302246 0.10397559271918402 0.05682373046875
0 0.8409120347764757 0.5777581691741943 0.0798095703125 0.04720983505249023
0 0.42373758951822915 0.26581788063049316 0.07677205403645833 0.07084512710571289
0 0.7378297593858507 0.9237821578979493 0.10549350314670139 0.0350555419921875
0 0.1694650438096788 0.8585323333740235 0.11273142496744791 0.06423072814941407
0 0.34178568522135416 0.7425546646118164 0.09806043836805556 0.042144775390625
0 0.9574449327256944 0.08168248534202575 0.0824066162109375 0.042682206630706786
0 0.9457780626085069 0.1818750023841858 0.06535610622829861 0.048333048820495605
0 0.8285654703776042 0.26645336151123045 0.0973722669813368 0.036592864990234376
0 0.24332504272460936 0.3272271156311035 0.06927964952256944 0.04971456527709961
0 0.28034723069932727 0.5669159889221191 0.10225397745768229 0.04140205383300781
0 0.02503755357530382 0.2328272819519043 0.049045223659939234 0.056252574920654295
0 0.9766343858506944 0.0369458444416523 0.046326700846354166 0.04596447795629501
0 0.09658326043023004 0.0948724627494812 0.07540656195746528 0.030704712867736815
0 0.8663514879014756 0.07891061305999755 0.10196007622612847 0.04487864971160889
0 0.7622557746039497 0.9783458709716797 0.0861634996202257 0.03433914184570312
0 0.2441725836859809 0.45058412551879884 0.11217210557725694 0.04591312408447266
0 0.8983644273546006 0.04002621173858643 0.11033901638454861 0.041440367698669434
0 0.9436799791124132 0.5657312393188476 0.08543819851345485 0.05694427490234375
0 0.6591295878092448 0.18132688999176025 0.10710839165581597 0.04039821624755859
0 0.3502878824869792 0.2400358200073242 0.08900858561197916 0.03602132797241211
0 0.4252911037868924 0.130685555934906 0.1055116441514757 0.03610386848449707
0 0.05433714124891493 0.2731065034866333 0.08554161919487847 0.05594449043273926
0 0.03739598592122396 0.3274672269821167 0.07257037692599827 0.04408564567565918
0 0.36252822875976565 0.27497024536132814 0.055432298448350695 0.03839387893676758
0 0.7375342475043403 0.046379879117012024 0.08143513997395833 0.029422825574874877
0 0.7137998792860243 0.07887843847274781 0.07324727376302083 0.029486322402954103
0 0.9270551893446181 0.7975444793701172 0.0594970703125 0.03946876525878906
0 0.7707937452528212 0.017962893843650816 0.05125918918185764 0.035721981525421144
0 0.9794579399956598 0.8185700416564942 0.04022386338975695 0.026891708374023438
0 0.31258578830295136 0.886424446105957 0.04170973036024306 0.02225151062011719
0 0.9786999172634548 0.8018718481063842 0.04211188422309028 0.060480928421020506
