0 0.6000821431477864 0.29150221347808836 0.11298133002387153 0.05125107765197754
0 0.6549774169921875 0.7047440528869628 0.09720255533854166 0.06591100692749023
0 0.2615322536892361 0.7038760185241699 0.15978478325737847 0.06670036315917968
0 0.42480383978949654 0.425107479095459 0.07215813530815972 0.0629084587097168
0 0.5796006944444444 0.07529641389846801 0.07766859266493055 0.03910503387451172
0 0.8234918382432725 0.19715279340744019 0.08346676296657986 0.0557058572769165
0 0.6276623196072049 0.4521007061004639 0.07703348795572916 0.042533493041992186
0 0.5210653516981337 0.342024827003479 0.08329654269748264 0.06583733558654785
0 0.4760815938313802 0.09032335877418518 0.098394775390625 0.0530420184135437
0 0.6176484849717881 0.5432913780212403 0.07001241048177083 0.03435173034667969
0 0.3842909918891059 0.9691158294677734 0.07810194227430556 0.04858818054199219
0 0.5227255927191841 0.8101003646850586 0.07432047526041667 0.055337715148925784
0 0.7052025689019097 0.27880492210388186 0.07874213324652778 0.06117238998413086
0 0.8506417168511284 0.26319777965545654 0.07090691460503472 0.04214081764221191
0 0.6647662692599826 0.5059408187866211 0.07515936957465277 0.04449939727783203
0 0.5432149251302083 0.49090051651000977 0.053711954752604166 0.054216861724853516
0 0.7867535909016927 0.29463777542114256 0.08386484781901042 0.0704543113708496
0 0.4620485093858507 0.9244077682495118 0.06236436631944445 0.048403167724609376
0 0.5559500800238715 0.6099602699279785 0.060771348741319446 0.03901958465576172
0 0.7462673611111111 0.4875160217285156 0.10974256727430555 0.042734527587890626
0 0.6955327351888021 0.5876097679138184 0.08687032063802083 0.035759925842285156
0 0.6147392272949219 0.5962204456329345 0.061215379503038195 0.032332229614257815
0 0.7468941582573785 0.4389683723449707 0.08171030680338541 0.04198579788208008
0 0.8761297437879775 0.30911643505096437 0.07207980685763889 0.06649408340454102
0 0.6365034315321181 0.881816291809082 0.06511128743489583 0.04680938720703125
0 0.6608707004123264 0.10504233539104461 0.0639923095703125 0.038539177179336546
0 0.882094234890408 0.6588362216949463 0.06312154134114584 0.053279685974121097
0 0.48244349161783856 0.1493931770324707 0.08812357584635416 0.050835275650024415
0 0.5721067640516493 0.572944450378418 0.10386098225911458 0.04023294448852539
0 0.030477057562934028 0.477670955657959 0.05911882188585069 0.0735595703125
0 0.6143714057074653 0.8085887670516968 0.10596449110243056 0.04623150825500488
0 0.9505189683702256 0.2781242609024048 0.05039638943142361 0.04685554504394531
0 0.2703902350531684 0.022487932443618776 0.06758168538411459 0.042262136936187744
0 0.5437349107530381 0.16262052059173585 0.07420518663194445 0.05808753967285156
0 0.8015662299262153 0.7643643856048584 0.03981967502170139 0.03669719696044922
0 0.7597100151909723 0.8497552871704102 0.069207763671875 0.05169811248779297
0 0.6898656209309896 0.35781848430633545 0.0764131334092882 0.029816818237304688
0 0.7012586805555555 0.5581171989440918 0.07353108723958333 0.026810836791992188
0 0.7533526950412326 0.7036375045776367 0.062485758463541666 0.06818790435791015
0 0.5019565158420138 0.5810213565826416 0.060176255967881946 0.042505073547363284
0 0.5732038709852431 0.14336745738983153 0.06343994140625 0.038791847229003903
0 0.511907958984375 0.0679930329322815 0.0640655517578125 0.05076751708984375
0 0.5991040547688802 0.5008085250854493 0.07298024495442708 0.04898052215576172
0 0.5866430494520399 0.7509358882904053 0.04098493787977431 0.02925872802734375
0 0.6363733927408854 0.21116294860839843 0.13104010687934028 0.06657176017761231
0 0.8254418267144097 0.7474952697753906 0.04795125325520833 0.04352779388427734
0 0.08895462883843316 0.8910213470458984 0.07698169284396701 0.04659843444824219
0 0.5140616522894965 0.23247029781341552 0.13655734592013888 0.05901947021484375
0 0.028635491265190972 0.5076128005981445 0.05407867431640625 0.028470420837402345
