0 0.8864627414279513 0.2260920524597168 0.06457689073350695 0.04515142440795898
0 0.4564806620279948 0.3347352981567383 0.047843254937065975 0.04640583992004395
0 0.9283818562825521 0.5882144927978515 0.06605699327256945 0.046821880340576175
0 0.4970230950249566 0.8554353713989258 0.0625093248155382 0.05155029296875
0 0.959572262234158 0.41431117057800293 0.07015024820963542 0.050516510009765626
0 0.10230704413519966 0.3186903238296509 0.11169535319010417 0.039142942428588866
0 0.711613040500217 0.4348489284515381 0.07130482991536459 0.03561410903930664
0 0.9622277153862847 0.7438255310058594 0.07528873019748264 0.04088401794433594
0 0.22438159518771703 0.25845136642456057 0.0649214850531684 0.03996992111206055
0 0.722873772515191 0.373354434967041 0.05097147623697917 0.045248985290527344
0 0.1988824208577474 0.19800841808319092 0.06096013387044271 0.04682102203369141
0 0.4207065158420139 0.8528456687927246 0.05634358723958333 0.03900985717773438
0 0.9339278327094184 0.48440208435058596 0.06427832709418403 0.033283424377441403
0 0.5118666754828559 0.5020086288452148 0.04541354709201389 0.03535919189453125
0 0.9624371846516927 0.5677985191345215 0.05518103705512153 0.04942760467529297
0 0.4429928249782986 0.6950185775756836 0.0723968505859375 0.047902488708496095
0 0.18034396701388888 0.557269287109375 0.06292402479383681 0.035485458374023435
0 0.1051211886935764 0.48615493774414065 0.0552614000108507 0.03964805603027344
0 0.1751224093967014 0.42267718315124514 0.07653554280598958 0.054373550415039065
0 0.7345657348632812 0.5326064109802247 0.04411112467447917 0.03954658508300781
0 0.25519502427842883 0.74166841506958 0.05285525851779514 0.03987140655517578
0 0.8891471015082465 0.2590035915374756 0.054484049479166664 0.03624868392944336
0 0.3627171834309896 0.31267361640930175 0.050882975260416664 0.04199542999267578
0 0.26309102376302085 0.3699899673461914 0.07044135199652778 0.03662185668945313
0 0.6461680094401042 0.42702112197875974 0.06873101128472223 0.039893150329589844
0 0.9402212354871962 0.22632231712341308 0.0598509046766493 0.04163074493408203
0 0.3121366712782118 0.736558198928833 0.05093044704861111 0.04709014892578125
0 0.7814053005642361 0.23923850059509277 0.06230333116319445 0.041251850128173825
0 0.7823404100206163 0.5444847106933594 0.048386467827690974 0.038829612731933597
0 0.21950225830078124 0.6087765693664551 0.07597910563151042 0.03907957077026367
0 0.8772615220811631 0.49889163970947265 0.05371975368923611 0.03620357513427734
0 0.5497122870551215 0.3027340888977051 0.05100894504123264 0.044576406478881836
0 0.24696104261610244 0.5201244354248047 0.05705091688368055 0.047189521789550784
0 0.17997953626844618 0.5114846229553223 0.08106960720486112 0.033366966247558597
0 0.8076750013563369 0.49781017303466796 0.05635952419704861 0.03288822174072266
0 0.3761242336697049 0.7599991798400879 0.06817067464192708 0.04211864471435547
0 0.8458867390950521 0.7361598491668702 0.05417683919270833 0.04278564453125
0 0.5651859163430905 0.44752745218174433 0.08966002713062529 0.037740794561242554
0 0.1216244167751736 0.562350082397461 0.06755116780598959 0.03855876922607422
0 0.34639364878336587 0.42960224151611326 0.05103221469455295 0.038331031799316406
0 0.8646526760525174 0.7998220443725585 0.06174825032552083 0.04363670349121094
0 0.4104227701822917 0.3338571548461914 0.04640723334418403 0.0381009578704834
0 0.6830436706542968 0.5305240631103516 0.05112423366970486 0.0418248176574707
0 0.09599388970269097 0.3957026720046997 0.05807630750868056 0.04541258811950684
0 0.9346296522352431 0.1914073944091797 0.06485968695746527 0.025357723236083984
0 0.3046415540907118 0.5523133277893066 0.07319234212239584 0.04252300262451172
0 0.8981647067599826 0.7392950057983398 0.06155124240451389 0.03799705505371094
0 0.957236565483941 0.16860194206237794 0.05194973415798611 0.039725637435913085
0 0.9804416232638888 0.6433509826660156 0.036605156792534725 0.04085884094238281
0 0.10594397650824652 0.5224603652954102 0.04766727023654514 0.041656875610351564
0 0.23775143093532985 0.549042797088623 0.06493716769748265 0.028780364990234376
0 0.9753578186035157 0.20711016654968262 0.04201015896267361 0.04080400466918945
0 0.4009894476996528 0.4601587295532227 0.0604095458984375 0.028759002685546875
0 0.4084506564670139 0.5459627628326416 0.05155164930555556 0.040130901336669925
0 0.8801547580295139 0.4677579879760742 0.04882659912109375 0.041488933563232425
0 0.33059192233615453 0.6632729530334472 0.05434943305121528 0.04629993438720703
0 0.4075319078233507 0.6424032211303711 0.0710567898220486 0.03044719696044922
0 0.8640589396158854 0.5967107772827148 0.06591593424479167 0.03915081024169922
0 0.5074535793728299 0.35164380073547363 0.04066229926215278 0.04184718132019043
0 0.38924238416883683 0.8148296356201172 0.04619004991319445 0.03968391418457031
0 0.4861039055718316 0.6577508926391602 0.04202813042534722 0.03925790786743164
0 0.10466923183865018 0.3537405729293823 0.07392171223958334 0.027762985229492186
0 0.7292922973632813 0.809760570526123 0.07134467230902777 0.03352985382080078
0 0.07397443983289931 0.2814744472503662 0.052489217122395834 0.03022909164428711
0 0.44091932508680554 0.3686346530914307 0.05968492296006944 0.02781534194946289
0 0.7367084079318577 0.7823230266571045 0.06083255343967014 0.031331348419189456
0 0.3534259372287326 0.7115530490875244 0.06035427517361111 0.02557716369628906
0 0.9786363389756945 0.2980294704437256 0.04271206325954861 0.038663387298583984
0 0.20551817152235244 0.8013315200805664 0.07571733262803819 0.03040924072265625
0 0.12421256171332465 0.5949437141418457 0.06689427693684896 0.02348604202270508
0 0.17015033298068577 0.3545278549194336 0.05986209445529514 0.04478254318237305
0 0.9356847127278646 0.4392546653747559 0.04494900173611111 0.03216876983642578
0 0.22512944539388022 0.6922249794006348 0.04813257853190104 0.03956546783447266
0 0.9815010918511284 0.6106320381164551 0.03595733642578125 0.028498458862304687
0 0.15437711079915364 0.37985026836395264 0.06246041191948785 0.027448511123657225
0 0.4200853983561198 0.723841667175293 0.06650848388671875 0.029372596740722658
0 0.570551045735677 0.6791798591613769 0.05856441921657986 0.04955215454101562
0 0.19791560702853733 0.756718635559082 0.05567711724175347 0.034226417541503906
0 0.5288721720377604 0.7695301055908204 0.050633748372395836 0.032401752471923825
0 0.6820283677842882 0.7093242645263672 0.06707322862413194 0.03611621856689453
0 0.9360090467664931 0.2559360980987549 0.041285875108506946 0.037022876739501956
0 0.282129160563151 0.6404960632324219 0.03606550428602431 0.0361907958984375
0 0.5231923421223958 0.676308536529541 0.04042324490017361 0.03580341339111328
0 0.6215774536132812 0.7064474582672119 0.06000162760416667 0.04182004928588867
0 0.947261725531684 0.2887631893157959 0.07507154676649305 0.03553457260131836
0 0.351615227593316 0.6246110916137695 0.044982231987847225 0.03920955657958984
0 0.7632162306043837 0.7697077751159668 0.04544050428602431 0.031240081787109374
0 0.7973299662272135 0.6030086517333985 0.07642042371961806 0.029456329345703126
0 0.6666177197406606 0.554817995631994 0.05744890025392174 0.03795140345036773
0 0.5782914055718316 0.790074634552002 0.06709815131293403 0.03758659362792969
0 0.4682818942599826 0.7509327888488769 0.07508917914496528 0.03432960510253906
0 0.13013356526692707 0.457745885848999 0.06754480997721354 0.03977022171020508
0 0.2991810268825955 0.7714478492736816 0.0656187269422743 0.026413345336914064
0 0.6439083523220486 0.8769672393798829 0.05552402072482639 0.042555618286132815
0 0.5580606248643664 0.7428977966308594 0.08033311631944444 0.03375539779663086
0 0.8409740130486406 0.8468508928907388 0.04784090261637859 0.03957992198219446
0 0.7149834526909722 0.7407366275787354 0.054141065809461805 0.03242778778076172
0 0.30477561950683596 0.4832147598266602 0.039703284369574654 0.04077701568603516
0 0.5292176988389757 0.6424100875854493 0.07096625434027778 0.03400363922119141
0 0.49067755805121527 0.7251331806182861 0.058997429741753475 0.03611898422241211
0 0.042512943050577505 0.4871191756272401 0.04778972520908001 0.032482078853046596
0 0.8833134209478296 0.8332213261648744 0.048785344484269265 0.03472222222222226
