0 0.5306398179796007 0.8492097854614258 0.08461032443576388 0.060160064697265626
0 0.7787625630696614 0.40941829681396485 0.15495232476128473 0.057382392883300784
0 0.3137494828965929 0.44243245124816893 0.08440560234917535 0.04554767608642578
0 0.8045335557725695 0.5678291320800781 0.13406405978732638 0.06186046600341797
0 0.5298435635036892 0.7814835548400879 0.09054311116536458 0.048469924926757814
0 0.5154320610894098 0.5768507957458496 0.08278774685329861 0.06394710540771484
0 0.4089981926812066 0.4087224006652832 0.072998046875 0.0557215690612793
0 0.19953520033094618 0.5831633567810058 0.09557435777452257 0.03794803619384766
0 0.18512530856662326 0.43506793975830077 0.06008894178602431 0.05060110092163086
0 0.7401219685872396 0.6701629161834717 0.08602888319227431 0.0675349235534668
0 0.42402606540256077 0.5273329734802246 0.06582149929470486 0.053459548950195314
0 0.5862280951605903 0.7076112747192382 0.10179511176215278 0.04092197418212891
0 0.4929114447699653 0.06709432601928711 0.07961154513888889 0.04739469289779663
0 0.27967037624782987 0.2571286678314209 0.06367001003689236 0.04969935417175293
0 0.20548155042860244 0.6549256324768067 0.061457655164930555 0.0468475341796875
0 0.7658006456163194 0.7922832489013671 0.07796664767795139 0.063580322265625
0 0.4379054313854845 0.9456467385963886 0.06596080580482319 0.07213540159140248
0 0.5006318834092882 0.16781246662139893 0.1149410671657986 0.04333336353302002
0 0.06999053955078124 0.5339779853820801 0.06715342203776041 0.05137653350830078
0 0.9637848748101129 0.9681001663208008 0.06583201090494792 0.062474822998046874
0 0.6399003770616319 0.11850138902664184 0.07559712727864583 0.06069085597991943
0 0.3703694661458333 0.6885263442993164 0.06467454698350694 0.041965293884277347
0 0.7652994791666666 0.6068658828735352 0.11407979329427083 0.05775527954101563
0 0.4258165995279948 0.5702926635742187 0.07315724690755208 0.05366020202636719
0 0.6658589680989583 0.36272737979888914 0.1067962646484375 0.06067042350769043
0 0.39397108289930555 0.056329429149627686 0.07579277886284722 0.03848056793212891
0 0.6749638875325521 0.5436339855194092 0.11971910264756945 0.04762763977050781
0 0.4620768229166667 0.6758545875549317 0.11556684705946181 0.04317817687988281
0 0.1663784450954861 0.1743093490600586 0.15735660129123263 0.056601333618164065
0 0.7737229241265191 0.32104172706604006 0.14671088324652778 0.062433624267578126
0 0.0510276370578342 0.6490796089172364 0.06456247965494792 0.034202957153320314
0 0.2129956563313802 0.26262292861938474 0.07244076199001737 0.044058704376220705
0 0.5085218641493056 0.11000839471817017 0.09125705295138889 0.04986205101013184
0 0.3371387905544705 0.056906259059906004 0.0530912611219618 0.06737611293792725
0 0.04823616875542535 0.14400579929351806 0.06725328233506944 0.057675409317016604
0 0.8710277981228298 0.9422840118408203 0.09442681206597223 0.06771125793457031
0 0.06195475260416667 0.024948205053806304 0.06542578803168403 0.04857073128223419
0 0.2236482408311632 0.12983189821243285 0.06277957492404514 0.06090209484100342
0 0.7343870144757026 0.19021073153748133 0.11637297372137057 0.08617747682066718
0 0.6671195136176216 0.22910583019256592 0.07018669976128472 0.06887211799621581
0 0.17163039327987778 0.742590206185567 0.06395570828560522 0.05798969072164949
