0 0.3562784618801541 0.22904395461082458 0.13159353468153212 0.09361878633499146
0 0.93323974609375 0.22162678241729736 0.10867580837673611 0.07416415214538574
0 0.8388410780164931 0.3484379291534424 0.10510898166232639 0.08343296051025391
0 0.47704603407118057 0.7288505554199218 0.13447808159722222 0.07361412048339844
0 0.17978456285264757 0.316076397895813 0.17582821316189237 0.08449254035949708
0 0.8761336432562934 0.7325626373291015 0.11525115966796876 0.09992609024047852
0 0.6752672831217448 0.4226015567779541 0.15906812879774307 0.10097808837890625
0 0.8132405598958333 0.9151054382324219 0.11048583984375 0.06896514892578125
0 0.48588536580403646 0.09283175468444824 0.13833465576171874 0.1211808204650879
0 0.051039165920681424 0.6245810508728027 0.10207833184136285 0.12070379257202149
0 0.19659898546006943 0.5216694831848144 0.11313239203559028 0.08284797668457031
0 0.3171796162923177 0.5386853218078613 0.1355531480577257 0.049540138244628905
0 0.8716862996419271 0.41211575269699097 0.16718919542100694 0.0638122797012329
0 0.95587158203125 0.9685983657836914 0.08824598524305556 0.06143951416015625
0 0.6570769415961372 0.8991433143615722 0.14395565456814235 0.06799392700195313
0 0.45781148274739586 0.8200190544128418 0.121063232421875 0.0996816635131836
0 0.1748792012532552 0.23784393668174744 0.15425652398003473 0.08799420595169068
