0 0.07387157016330295 0.5876282691955567 0.10770492553710938 0.0842071533203125
0 0.361244625515408 0.38421671390533446 0.09982706705729166 0.06257290840148926
0 0.7271765814887152 0.6569679737091064 0.10198974609375 0.0760040283203125
0 0.915285152859158 0.872314453125 0.0965301513671875 0.048653030395507814
0 0.8771567450629341 0.7086769580841065 0.15015394422743056 0.04921083450317383
0 0.8280301411946615 0.651919937133789 0.10238206651475694 0.06563730239868164
0 0.8154446072048611 0.9194845199584961 0.07615203857421875 0.05634365081787109
0 0.2827978769938151 0.43772153854370116 0.08963801066080729 0.07435302734375
0 0.9573971218532986 0.47934818267822266 0.08175286187065972 0.05301094055175781
0 0.4324127197265625 0.4848643779754639 0.110205078125 0.06551237106323242
0 0.7534759521484375 0.3549505233764648 0.08009745279947916 0.06767311096191406
0 0.8416392008463541 0.469038200378418 0.11491224500868055 0.039465713500976565
0 0.7539757622612847 0.4774792671203613 0.10875990125868056 0.06074066162109375
0 0.7016329447428385 0.5150896072387695 0.1158662584092882 0.04676609039306641
0 0.9557156032986112 0.9213392257690429 0.08677842881944445 0.07612171173095703
0 0.7689939710828994 0.7708413600921631 0.10036214192708333 0.07405214309692383
0 0.6469200981987847 0.8674456596374511 0.08232354058159722 0.07568416595458985
0 0.34286092122395834 0.4805615425109863 0.0596677992078993 0.05550537109375
0 0.20027478535970053 0.9612058639526367 0.10074852837456597 0.07379531860351562
0 0.4143927680121528 0.4357736110687256 0.1308746337890625 0.048204898834228516
0 0.8457275390625 0.5398253440856934 0.0921234130859375 0.03519515991210938
0 0.9516159905327691 0.6009616374969482 0.09548288981119792 0.06585941314697266
0 0.8032965766059028 0.5823483467102051 0.07019449869791666 0.06126613616943359
0 0.41953125 0.3575290679931641 0.08729112413194444 0.08666601181030273
0 0.7072666592068142 0.5706604957580567 0.11099853515625 0.03752059936523437
0 0.8636895073784723 0.6029146194458008 0.10080430772569444 0.06960296630859375
0 0.11249830457899306 0.9798198699951172 0.08189544677734376 0.03685951232910156
