0 0.8712113274468316 0.3807657480239868 0.08098941379123265 0.03655762672424316
0 0.935101572672526 0.3133075714111328 0.06535695393880209 0.042000865936279295
0 0.8604868570963542 0.34442744255065916 0.045491197374131945 0.030988502502441406
0 0.6006454467773438 0.4933794975280762 0.08160942925347223 0.026548194885253906
0 0.4668301052517361 0.3806135892868042 0.06102973090277778 0.024994659423828124
0 0.4445105658637153 0.5170732498168945 0.07573954264322917 0.028916168212890624
0 0.4130194769965278 0.9839696884155273 0.06441209581163194 0.031776046752929686
0 0.5957203335232205 0.8741950988769531 0.05737152099609375 0.05677528381347656
0 0.33170259263780383 0.7131866455078125 0.05813378228081597 0.042578506469726565
0 0.9060580783420139 0.5271264553070069 0.0733184814453125 0.03163833618164062
0 0.952014668782552 0.5727912902832031 0.0719085693359375 0.02532968521118164
0 0.20605799357096355 0.7196166038513183 0.04808061387803819 0.03476924896240234
0 0.7280565897623698 0.6935243606567383 0.060822550455729166 0.033568954467773436
0 0.9653494940863715 0.7491167068481446 0.06432834201388889 0.03786182403564453
0 0.8120298597547743 0.5302350997924805 0.07077297634548611 0.03521385192871094
0 0.14878260294596354 0.6104357719421387 0.07336018880208334 0.03157167434692383
0 0.5022428724500868 0.494696044921875 0.06522657606336806 0.031564521789550784
0 0.4680903116861979 0.3469933271408081 0.05831739637586805 0.04096341133117676
0 0.16679102579752605 0.41313700675964354 0.05327962239583333 0.03159399032592773
0 0.8514483133951823 0.46141948699951174 0.08062693277994791 0.030449676513671874
0 0.8281711154513889 0.6646614074707031 0.05609368218315972 0.031832122802734376
0 0.8154711405436198 0.40509756803512575 0.05353529188368056 0.04016115665435791
0 0.352351803249783 0.9413444519042968 0.05020277235243056 0.047636795043945315
0 0.2246479034423828 0.38452179431915284 0.05281346638997396 0.045566987991333005
0 0.2999736785888672 0.8787039756774903 0.05977588229709201 0.03319969177246094
0 0.5562459309895833 0.44857163429260255 0.07836049397786458 0.036206817626953124
0 0.7374332004123264 0.9660473823547363 0.06868184407552083 0.03201217651367187
0 0.6619361029730902 0.7888082504272461 0.11235215928819445 0.04412631988525391
0 0.8448844061957466 0.3144803524017334 0.05918341742621528 0.0367950439453125
0 0.13154229058159722 0.7865612983703614 0.06105923122829861 0.041058349609375
0 0.16063440110948352 0.68002290725708 0.05689731174045139 0.03744716644287109
0 0.8949151780870226 0.7139241218566894 0.05892062717013889 0.05383167266845703
0 0.7166542900933159 0.43131704330444337 0.06536627875434028 0.026493263244628907
0 0.5155663384331597 0.5578868865966797 0.05984734429253472 0.029860305786132812
0 0.835404798719618 0.8325380325317383 0.0689788818359375 0.04725360870361328
0 0.7543866475423177 0.6654479026794433 0.10273980034722222 0.034709835052490236
0 0.6851318359375 0.4187889099121094 0.042063395182291664 0.028564643859863282
0 0.5715457492404514 0.9792292594909668 0.06890394422743056 0.0412200927734375
0 0.31634161207411027 0.5777587890625 0.06942045423719619 0.03272705078125
0 0.9635943094889323 0.8805580139160156 0.05925411648220486 0.041407012939453126
0 0.32729850345187717 0.337647533416748 0.03768747117784288 0.03540163040161133
0 0.7099634806315104 0.6033915996551513 0.06348537868923611 0.05490379333496094
0 0.6594097561306423 0.36743385791778566 0.06845635308159723 0.02865128517150879
0 0.4083001030815972 0.6012447357177735 0.05776807996961805 0.02862415313720703
0 0.5079769558376737 0.6051773071289063 0.09071078830295139 0.046172714233398436
0 0.9485260009765625 0.47187108993530275 0.05919443766276042 0.024714279174804687
0 0.858820088704427 0.6914642333984375 0.062222120496961804 0.034320640563964847
0 0.8877259919617819 0.20576128135217686 0.04942221583772087 0.04408491393116032
0 0.49803695678710935 0.4639842987060547 0.06148952907986111 0.022217178344726564
0 0.5114850362141927 0.6425556182861328 0.041927931043836804 0.03130073547363281
0 0.1660954793294271 0.5623867034912109 0.049773322211371526 0.03327484130859375
0 0.37218763563368057 0.49011659622192383 0.07113783094618055 0.04239177703857422
0 0.18220325046115451 0.39097003936767577 0.04106953938802083 0.02954835891723633
0 0.8095919515650015 0.34326813859731603 0.04973267700153064 0.03873630847514971
0 0.6801603529188368 0.39166979789733886 0.06890699598524305 0.02490510940551758
0 0.9695504082573785 0.4952392578125 0.04750027126736111 0.024477767944335937
0 0.7809831588232793 0.7807319517818938 0.08618183050158934 0.03802986590661727
0 0.9777734510211147 0.2944728387850467 0.042601246105918894 0.0350126557632399
0 0.5640359986154379 0.5704828660436136 0.05451713395638628 0.032126168224299076
