0 0.16721316576004028 0.08446990119086371 0.07149779796600342 0.0809371100531684
0 0.24901013374328612 0.6597237481011284 0.06194581985473633 0.08792165120442709
0 0.3406455755233765 0.891035630967882 0.07767539024353028 0.1389889187282986
0 0.4266392230987549 0.21248965793185765 0.06275224685668945 0.11106838650173612
0 0.2567716121673584 0.5660377502441406 0.06948938369750976 0.09314490424262153
0 0.7879711151123047 0.2821396721733941 0.06325950622558593 0.07969156901041667
0 0.2973371982574463 0.18681916130913628 0.05772132873535156 0.07362416585286459
0 0.751738166809082 0.21092181735568577 0.053001785278320314 0.08839230007595486
0 0.2904179096221924 0.2961053212483724 0.06775941848754882 0.10153427124023437
0 0.771578598022461 0.04592242770724826 0.05654277801513672 0.05633561876085069
0 0.6163603305816651 0.1384932623969184 0.048958110809326175 0.0745057847764757
0 0.421004056930542 0.04190885755750868 0.03202409744262695 0.08285505506727431
0 0.5720861434936524 0.04965489705403646 0.04027395248413086 0.08842264811197917
0 0.47733869552612307 0.08155076768663194 0.055169677734375 0.05956378512912326
0 0.21990113258361815 0.6200359768337673 0.0331883430480957 0.07719285753038195
0 0.8161519765853882 0.04846242268880208 0.04915089607238769 0.0661587185329861
0 0.6647852897644043 0.21999588012695312 0.0449493408203125 0.05359615749782986
0 0.6801728725433349 0.06666776869032118 0.048232078552246094 0.06347215440538194
0 0.29039132595062256 0.8070369296603732 0.0949216365814209 0.09908871120876736
0 0.4682928562164307 0.02732153998480903 0.03737163543701172 0.048060777452256946
0 0.3252822160720825 0.04617869059244792 0.05121579170227051 0.07926610310872396
0 0.7215887069702148 0.02722214592827691 0.04169139862060547 0.05252855088975694
0 0.729705810546875 0.561212666829427 0.041762161254882815 0.08040635850694444
0 0.6194319725036621 0.03239517211914063 0.023406600952148436 0.047192552354600695
0 0.6922219753265381 0.02383749220106337 0.035663700103759764 0.04719187418619792
0 0.1769822359085083 0.6144128587510851 0.053892326354980466 0.04755927191840278
0 0.38576784133911135 0.018046908908420138 0.03605194091796875 0.03515896267361111
