0 0.6189509921603733 0.6566230773925781 0.13409661187065972 0.051912689208984376
0 0.23609547085232205 0.38078784942626953 0.16949937608506943 0.05140829086303711
0 0.9143785264756944 0.5692614555358887 0.10795966254340278 0.06612796783447265
0 0.753635491265191 0.8957887649536133 0.14608866373697918 0.05251884460449219
0 0.5631010267469618 0.8562284469604492 0.09120449490017361 0.08825035095214843
0 0.5237791273328993 0.5569026947021485 0.13800862630208333 0.07869796752929688
0 0.7157455444335937 0.5381154537200927 0.11380513509114583 0.07925443649291992
0 0.8801506890190972 0.9466112136840821 0.20275675455729167 0.07413196563720703
0 0.5989186604817708 0.3531960487365723 0.11735772026909722 0.06638884544372559
0 0.8155022515190973 0.4937919616699219 0.13980170355902777 0.054978561401367185
0 0.4170989990234375 0.37352724075317384 0.19033966064453126 0.06567897796630859
0 0.7141582912868923 0.21778578758239747 0.14837222629123265 0.06574740409851074
0 0.6985605875651042 0.3168520927429199 0.1551910400390625 0.06170873641967774
0 0.9398559146457248 0.48244786262512207 0.12028817070855034 0.05089864730834961
0 0.9506056891547309 0.836491870880127 0.09878862169053819 0.08682193756103515
0 0.3915529039171007 0.5644014358520508 0.13287760416666666 0.0597412109375
0 0.6946850246853299 0.8154191970825195 0.14845445421006945 0.047042465209960936
0 0.3868393792046441 0.5078609466552735 0.12961815728081597 0.050510597229003903
0 0.9425075107150608 0.7550772190093994 0.11498497856987847 0.0719731330871582
0 0.545914289686415 0.7634873390197754 0.209466552734375 0.08261318206787109
0 0.748913319905599 0.37852158546447756 0.1793153550889757 0.05612611770629883
0 0.6509569803873698 0.8785972595214844 0.0920686509874132 0.07510910034179688
0 0.741066657172309 0.6721662521362305 0.15903523763020833 0.06926403045654297
0 0.8256617228190104 0.8283604621887207 0.14837137858072916 0.06841831207275391
0 0.8275728013780382 0.5835061073303223 0.12384236653645833 0.06803760528564454
0 0.9082980685763888 0.6395462036132813 0.17372572157118055 0.061377429962158205
0 0.6255098130967882 0.7067054748535156 0.13106757269965277 0.04628419876098633
0 0.4334668477376302 0.7900668621063233 0.15260687934027778 0.044856929779052736
0 0.8186633639865452 0.7166455268859864 0.16723225911458334 0.05165281295776367
0 0.42865939670138886 0.22691681385040283 0.12430487738715278 0.0568946361541748
0 0.9090740627712673 0.3769111633300781 0.13705512152777777 0.06962156295776367
0 0.8017196655273438 0.4240849494934082 0.1534091525607639 0.047688865661621095
0 0.9299879286024305 0.5272974014282227 0.13805372450086806 0.04152355194091797
0 0.9685778299967448 0.9341511726379395 0.06284434000651042 0.050031089782714845
0 0.43810491241533933 0.8489533590715985 0.16044755092886992 0.06880839813587276
0 0.9602704366048177 0.8804788589477539 0.07853054470486111 0.05286865234375
0 0.8299997965494792 0.3289026737213135 0.10782233344184028 0.05532560348510742
