0 0.5997233072916667 0.15467747449874877 0.10842522515190972 0.06403324604034424
0 0.3432647705078125 0.9053456306457519 0.1283452351888021 0.049669837951660155
0 0.4450110541449653 0.18290905952453612 0.0687679714626736 0.04923248291015625
0 0.28686901635361456 0.09240626445290641 0.10249046935440273 0.0405325581455788
0 0.36830204857720267 0.2965137004852295 0.11429549323187935 0.04967231750488281
0 0.6048077053493923 0.34439454078674314 0.12708638509114584 0.05764293670654297
0 0.7476533677842881 0.8016840219497681 0.12257520887586805 0.04511561393737793
0 0.3860992431640625 0.6832953929901123 0.12168341742621527 0.05018472671508789
0 0.16980311075846355 0.1019984245300293 0.12538842095269098 0.04905078411102295
0 0.5017081366644965 0.29086766242980955 0.08998870849609375 0.07031412124633789
0 0.10808690388997395 0.8706722259521484 0.09655871921115451 0.05845451354980469
0 0.10771560668945312 0.25235781669616697 0.13604295518663195 0.04518947601318359
0 0.4872775607638889 0.09281478524208069 0.1176723904079861 0.03629022836685181
0 0.49480667114257815 0.606405782699585 0.14052886962890626 0.051470375061035155
0 0.2978584713406033 0.6485986232757568 0.10056991577148437 0.055074882507324216
0 0.9637665642632378 0.13819197416305543 0.0724668714735243 0.04725692272186279
0 0.8339748806423611 0.09942853450775146 0.07684258355034722 0.04928631782531738
0 0.0903444078233507 0.2989750862121582 0.12267862955729167 0.04660196304321289
0 0.36351117028130425 0.33755195140838623 0.11503122117784288 0.03749079704284668
0 0.3057848612467448 0.8006040573120117 0.12167612711588542 0.04695415496826172
0 0.6071382310655382 0.28569974899291994 0.08758544921875 0.06258726119995117
0 0.1758650885687934 0.7130451679229737 0.12160780164930556 0.03648653030395508
0 0.16217566596137153 0.21950907707214357 0.11466437445746527 0.04119343757629394
0 0.69214842054579 0.6534244060516358 0.1080203586154514 0.043656349182128906
0 0.5159152560763889 0.19091494083404542 0.0823699951171875 0.05617127418518066
0 0.28265143500434026 0.13596707582473755 0.08158603244357639 0.05113670825958252
0 0.22111545138888888 0.578973388671875 0.1312898423936632 0.04878091812133789
0 0.5917026943630642 0.827480697631836 0.10610521104600694 0.043187522888183595
0 0.43714463975694445 0.131811785697937 0.08462490505642362 0.06076805591583252
0 0.23993860880533854 0.41101713180541993 0.10355775621202257 0.036783790588378905
0 0.9716588338216146 0.08488026261329651 0.05668233235677083 0.04960509538650513
0 0.7150448269314236 0.26849362850189207 0.1349241468641493 0.048604154586791994
0 0.8800976223415798 0.29776678085327146 0.11269768608940972 0.0508824348449707
0 0.3863269382052951 0.07574472427368165 0.09552747938368056 0.03306679725646973
0 0.39473851521809894 0.4946142196655273 0.13563995361328124 0.05154638290405274
0 0.7585855272081163 0.3089278697967529 0.1169496324327257 0.042901468276977536
0 0.4159822252061632 0.8313175201416015 0.12416873508029513 0.05203323364257813
0 0.18460413614908855 0.43804378509521485 0.12935926649305557 0.04035472869873047
0 0.05286042955186632 0.9874752521514892 0.10035824245876736 0.025049495697021484
0 0.5074355231391059 0.5195811748504638 0.08219960530598959 0.06194162368774414
0 0.05082219441731771 0.06757549047470093 0.09915279812282986 0.05402332544326782
0 0.10940009223090277 0.8209905624389648 0.10178112453884548 0.04130210876464844
0 0.9713052537706163 0.90670166015625 0.05738949245876736 0.04390144348144531
0 0.9487717098659939 0.9369968414306641 0.10245658026801216 0.03562736511230469
0 0.5122959560818142 0.14343222379684448 0.08015170627170139 0.03800380229949951
0 0.6703559875488281 0.443288516998291 0.10691562228732639 0.040279197692871097
0 0.5242686801486545 0.4115707516670227 0.11165228949652778 0.040442824363708496
0 0.230874506632487 0.6839898586273193 0.13735436333550347 0.04306507110595703
0 0.6997112698025174 0.4756196975708008 0.10199245876736111 0.03611955642700195
0 0.6918958875868055 0.5423912525177002 0.1087493896484375 0.06672801971435546
0 0.3504259745279948 0.53587646484375 0.12400088840060763 0.043106460571289064
0 0.09957063462999131 0.7776769161224365 0.0961363050672743 0.05115060806274414
0 0.48921983506944444 0.45704946517944334 0.14448411729600694 0.04684162139892578
0 0.02282326185834958 0.023940058479532202 0.045484080571799874 0.031524122807017545
0 0.4025341130604288 0.2126279239766082 0.06416504223521777 0.023300438596491238
