0 0.4968349880642361 0.05556353330612183 0.1497317843967014 0.05076303482055664
0 0.3824886745876736 0.10902838706970215 0.16815660264756943 0.051264190673828126
0 0.8168728298611111 0.538720703125 0.13698628743489583 0.04492607116699219
0 0.710311041937934 0.32501022815704345 0.16328023274739584 0.06674404144287109
0 0.4550494723849826 0.4792961597442627 0.18462897406684028 0.08383111953735352
0 0.06921268039279514 0.5697409629821777 0.13291998969184027 0.06973800659179688
0 0.8622635735405816 0.4902151584625244 0.18863796657986112 0.06755952835083008
0 0.8406229654947917 0.2798731327056885 0.14713609483506945 0.046184539794921875
0 0.5705619812011719 0.5086088180541992 0.15606265597873265 0.06128253936767578
0 0.8150873819986979 0.3661660194396973 0.1349392361111111 0.0527040958404541
0 0.890199957953559 0.3190586090087891 0.12133076985677084 0.06164073944091797
0 0.5596100701226129 0.3219258785247803 0.1321073744032118 0.0492060661315918
0 0.7676723056369358 0.4439645290374756 0.12660064697265624 0.04911985397338867
0 0.7315980699327257 0.22868175506591798 0.14668918185763888 0.05980997085571289
0 0.6198939853244357 0.2665579319000244 0.18552398681640625 0.06790485382080078
0 0.5504590352376302 0.3714597225189209 0.15028669569227432 0.04883136749267578
0 0.6010981241861979 0.4515751838684082 0.15319959852430556 0.05168933868408203
0 0.7145843505859375 0.389161205291748 0.16637980143229167 0.06210813522338867
0 0.862880367702908 0.2426813840866089 0.0980438232421875 0.03769049644470215
0 0.7946868896484375 0.8368535995483398 0.17557593451605902 0.057358169555664064
