0 0.6616522894965278 0.8954906463623047 0.13968404134114584 0.06573734283447266
0 0.8512808057996962 0.6174324035644532 0.10357682969835069 0.09675617218017578
0 0.5346789889865451 0.07464472055435181 0.13928663465711805 0.05107383728027344
0 0.45747672186957467 0.8994811058044434 0.15865665011935765 0.06472454071044922
0 0.21061570909288194 0.3080698728561401 0.10409935845269097 0.0549959659576416
0 0.7184928894042969 0.2843932151794434 0.10829315185546876 0.066510009765625
0 0.3756220499674479 0.46692590713500975 0.11702016194661459 0.053943729400634764
0 0.9177503797743055 0.3242810249328613 0.10366617838541667 0.04534339904785156
0 0.9631757100423177 0.48964872360229494 0.07364857991536458 0.05937690734863281
0 0.9579562717013889 0.8402887344360351 0.08273196750217014 0.05630569458007813
0 0.7603447808159722 0.7469692707061768 0.06361456976996528 0.05702009201049805
0 0.7060182359483507 0.9416300773620605 0.11273752848307292 0.0804443359375
0 0.21351089477539062 0.7608606815338135 0.1347588433159722 0.05494565963745117
0 0.7236770629882813 0.233911395072937 0.09319305419921875 0.04908819198608398
0 0.5575060526529948 0.34108448028564453 0.0940216064453125 0.08559970855712891
0 0.7885606553819444 0.5250754356384277 0.056061469184027775 0.06183404922485351
0 0.7323416815863715 0.5191170692443847 0.06937900119357639 0.06042461395263672
0 0.8426280551486545 0.4286083221435547 0.06875966389973959 0.05599689483642578
0 0.9123823377821181 0.44051394462585447 0.08044399685329862 0.04894609451293945
0 0.5173829820421006 0.4981656074523926 0.0872039794921875 0.060602664947509766
0 0.9760638766818577 0.21941072940826417 0.04773491753472222 0.06370754241943359
0 0.8669367472330729 0.3872584342956543 0.12952779134114584 0.052161216735839844
0 0.6574405246310764 0.5552813529968261 0.09382798936631945 0.05124711990356445
0 0.8324093288845487 0.9820551872253418 0.10507405598958333 0.035889625549316406
0 0.978073247273763 0.4280717849731445 0.043853505452473955 0.045589637756347653
0 0.06979086134168837 0.1357342004776001 0.12099482218424479 0.04791302680969238
0 0.36850195990668405 0.07134509086608887 0.13297593858506945 0.09014229774475098
0 0.5051030476888021 0.027286338806152343 0.08433024088541667 0.053507304191589354
0 0.03450258043077257 0.8264621734619141 0.0663726806640625 0.0652120590209961
0 0.1980489942762587 0.38446238040924074 0.11203799777560763 0.08844981193542481
0 0.9680304633246528 0.9829567909240723 0.06017286512586806 0.03321094512939453
