0 0.1762280821800232 0.3478754679361979 0.07811210155487061 0.08439178466796875
0 0.708440891901652 0.6019380074960214 0.08181613286336263 0.17725564462167245
0 0.6403194904327393 0.2929062737358941 0.06438398361206055 0.1322689480251736
0 0.7737910747528076 0.1269037882486979 0.048070526123046874 0.11815711127387153
0 0.6592137813568115 0.0944043477376302 0.059951400756835936 0.06814219156901041
0 0.8150758425394694 0.8061046882911965 0.05213998158772786 0.0972813641583478
0 0.3820433378219604 0.13561893039279513 0.05307879447937012 0.1470219930013021
0 0.4378610610961914 0.1683897230360243 0.0706949234008789 0.10644938151041666
0 0.4791421413421631 0.2462494179054543 0.05343446731567383 0.05726968270760995
0 0.16679800748825074 0.49246436225043405 0.06327099800109863 0.073175048828125
