0 0.7147519429524739 0.45935802459716796 0.09982808430989583 0.08736848831176758
0 0.5858960469563802 0.17794208526611327 0.08663194444444444 0.07629613876342774
0 0.8524366590711806 0.9047071456909179 0.09032728407118056 0.08070621490478516
0 0.8016727023654514 0.854624080657959 0.09983859592013888 0.07510700225830078
0 0.40227678087022567 0.1767653465270996 0.08430921766493056 0.0825721263885498
0 0.9482715182834202 0.7165465354919434 0.07931959364149306 0.07768993377685547
0 0.37292599148220484 0.4432565689086914 0.08996107313368056 0.07945013046264648
0 0.9651110896357784 0.40888829984162983 0.06514819109881345 0.08175686284115441
0 0.10062162611219617 0.07847456932067871 0.0990860833062066 0.09156627655029297
0 0.63780763414171 0.5459422111511231 0.08770395914713541 0.07581634521484375
0 0.5454415215386285 0.3102871417999268 0.10489841037326389 0.09369101524353027
0 0.38596004909939235 0.3386749029159546 0.11689792209201388 0.10731744766235352
0 0.5747546725802951 0.6840707302093506 0.08120083279079861 0.08254060745239258
0 0.8640511406792535 0.487624454498291 0.11127794053819444 0.06371631622314453
0 0.6058254665798611 0.3785253524780273 0.08820359971788194 0.08045797348022461
0 0.8216152615017361 0.24056005477905273 0.07362772623697916 0.04938077926635742
0 0.08811628553602431 0.2004469394683838 0.11724344889322917 0.106024169921875
0 0.7636388990614149 0.7682778835296631 0.0857301500108507 0.059312057495117185
0 0.7680639478895399 0.21448993682861328 0.0747283935546875 0.06886720657348633
0 0.9344178941514757 0.38247792720794677 0.07846917046440972 0.06467623710632324
0 0.33968209160698787 0.01841008514165878 0.09437544080946181 0.03682017028331756
0 0.7014962938096788 0.5871405124664306 0.07620340983072917 0.07892684936523438
0 0.8119789123535156 0.5643001079559327 0.0932430691189236 0.0718989372253418
0 0.4477823045518663 0.3778441667556763 0.09937811957465278 0.0892408847808838
0 0.7769641452365451 0.484384822845459 0.08922254774305556 0.07500324249267579
0 0.4378253512912326 0.478089714050293 0.09880845811631944 0.08789710998535157
0 0.651403299967448 0.014413861930370331 0.08649325900607639 0.02881554663181305
0 0.036498811509874135 0.3914463520050049 0.0716981675889757 0.08376407623291016
0 0.5056527879503038 0.5182147026062012 0.08013034396701389 0.07362155914306641
0 0.9833361307779948 0.10299079418182373 0.030935499403211806 0.061155271530151364
