0 0.3399952358669705 0.2542065143585205 0.0986723158094618 0.06241617202758789
0 0.2613932291666667 0.8577836036682129 0.06657307942708333 0.047377395629882815
0 0.1789014180501302 0.5134773254394531 0.10319112141927084 0.04194488525390625
0 0.05770746866861979 0.9802547454833984 0.07732425265842013 0.03949050903320313
0 0.32483030954996744 0.8554572105407715 0.06799210442437066 0.06349411010742187
0 0.21398544311523438 0.6097766876220703 0.1100372314453125 0.06093158721923828
0 0.0590879652235243 0.7120538711547851 0.09730461968315972 0.050424385070800784
0 0.9278004964192709 0.9577241897583008 0.09540913899739584 0.049951362609863284
0 0.7119210137261285 0.3201404571533203 0.06974317762586806 0.055336284637451175
0 0.21183442009819878 0.9176463127136231 0.07069464789496528 0.05456466674804687
0 0.6711357964409722 0.41308897733688354 0.06129218207465278 0.04648611545562744
0 0.5574183993869357 0.23420026302337646 0.08949008517795139 0.03219528198242187
0 0.20881373087565105 0.3729053497314453 0.07459581163194444 0.046309280395507815
0 0.7519829644097222 0.8332574844360352 0.08558213975694444 0.039449310302734374
0 0.9399549696180556 0.8636322021484375 0.05148518880208333 0.039884185791015624
0 0.9614561292860243 0.40236496925354004 0.07705281575520834 0.04581871032714844
0 0.13150897555881078 0.26070208549499513 0.06701219346788194 0.04492397308349609
0 0.3406794230143229 0.6359743118286133 0.08681810167100694 0.03760995864868164
0 0.29160249498155383 0.34653463363647463 0.06503126356336805 0.044711875915527347
0 0.10655890570746528 0.08269408345222473 0.08567013210720487 0.03729952573776245
0 0.4419506496853299 0.934541130065918 0.08040500217013889 0.04110450744628906
0 0.09813567267523872 0.23305141925811768 0.05494952731662327 0.05265040397644043
0 0.23379652235243056 0.8001742362976074 0.09583248562282987 0.048290252685546875
0 0.4321038140190972 0.07119450569152833 0.10213385687934028 0.03376529216766357
0 0.4288281758626302 0.8042866706848144 0.06943308512369792 0.04035682678222656
0 0.05997356838650174 0.8024415016174317 0.0878631591796875 0.04541759490966797
0 0.021063147650824652 0.7726468563079834 0.04063364664713542 0.05402164459228516
0 0.016634750366210937 0.10741787254810334 0.03260438707139757 0.04014100432395935
0 0.4592619154188368 0.10370296239852905 0.10430399576822917 0.043354463577270505
0 0.30031043158637155 0.8911378860473633 0.061331685384114584 0.03815040588378906
0 0.10549939473470052 0.649692153930664 0.05674964057074653 0.04652538299560547
0 0.37237879435221355 0.7780194282531738 0.06809556749131944 0.026227188110351563
