0 0.2705655813217163 0.33182525634765625 0.06590332984924316 0.12822672526041667
0 0.49390411376953125 0.43969362046983507 0.05975017547607422 0.09328901502821181
0 0.7090802192687988 0.8591405232747396 0.05156650543212891 0.13156840006510417
0 0.025179452449083328 0.6428909301757812 0.048736105859279635 0.10973358154296875
0 0.5116679668426514 0.7656676398383246 0.07247953414916992 0.08666229248046875
0 0.013686314225196838 0.4098729451497396 0.027372628450393677 0.10446658664279514
0 0.670382308959961 0.5422253078884549 0.06466655731201172 0.09844021267361111
0 0.32367777824401855 0.679038577609592 0.05754547119140625 0.11342298719618056
0 0.4735675811767578 0.9657168918185763 0.09197654724121093 0.06670973036024305
0 0.8413429260253906 0.7272414313422308 0.05526390075683594 0.09813588460286458
0 0.5115268707275391 0.8754581027560764 0.07941503524780273 0.09016384548611112
0 0.3157827138900757 0.18183229234483506 0.07064061164855957 0.1383801778157552
0 0.3092893123626709 0.7729405721028646 0.04617891311645508 0.07986518012152778
0 0.4174248695373535 0.9009287516276042 0.08321037292480468 0.06047431098090278
0 0.009909412264823914 0.11886647542317709 0.019805523753166198 0.11704355875651042
0 0.3808866024017334 0.13101870218912762 0.08999977111816407 0.0923219468858507
0 0.27735328674316406 0.12566053602430555 0.033710479736328125 0.07266489664713542
0 0.3048818349838257 0.5654554578993055 0.07351417541503906 0.09008975558810764
0 0.2260356903076172 0.043624496459960936 0.06282715797424317 0.08592342800564236
0 0.3700069189071655 0.19864459567599826 0.07054924964904785 0.11707695855034722
0 0.6889608739837398 0.6230803974706415 0.07685467479674794 0.0880758807588076
