0 0.13376129998101127 0.02796902656555176 0.10289620293511284 0.05208723545074463
0 0.1730398390028212 0.5008073806762695 0.08878851996527778 0.06883602142333985
0 0.3784395005967882 0.38282599449157717 0.1103790283203125 0.07135038375854492
0 0.30507600572374133 0.023818875849246978 0.12580379909939235 0.04663303196430206
0 0.6633216010199653 0.3532556056976318 0.22489047580295138 0.09717006683349609
0 0.15909033881293402 0.18877992630004883 0.12008293999565972 0.04701814651489258
0 0.6767955356174045 0.5036479949951171 0.09603559705946181 0.09689655303955078
0 0.36753913031684027 0.12074819803237916 0.12934977213541668 0.06582522392272949
0 0.20113406711154513 0.04201632142066956 0.0752777099609375 0.06616338491439819
0 0.19558020697699652 0.6307620048522949 0.07826029459635417 0.06607341766357422
0 0.4557500203450521 0.8341598510742188 0.11950463189019098 0.06691246032714844
0 0.05135036044650608 0.6766068458557128 0.09086549546983506 0.040488910675048825
0 0.29678463406032984 0.6265206336975098 0.15749749077690972 0.07281904220581055
0 0.0288185543484158 0.21571969985961914 0.05460222032335069 0.04846625328063965
0 0.9793182373046875 0.5825662612915039 0.041363525390625 0.06222591400146484
0 0.46692784627278644 0.8870708465576171 0.11717190212673612 0.06353759765625
0 0.3846729702419705 0.9848609924316406 0.10949435763888889 0.03001232147216797
