0 0.3430131435394287 0.8478073967827691 0.04205617904663086 0.06272057427300347
0 0.278509783744812 0.5018259684244791 0.026988124847412108 0.07687513563368055
0 0.8942207336425781 0.266107177734375 0.04531803131103516 0.05895419650607639
0 0.5151889324188232 0.9333685980902777 0.04634294509887695 0.06718919542100694
0 0.7289718627929688 0.5574747721354166 0.04166736602783203 0.08978542751736111
0 0.09330471754074096 0.1986678229437934 0.04288945198059082 0.07841016981336806
0 0.42895355224609377 0.7483096652560763 0.042498016357421876 0.050835503472222224
0 0.7560293197631835 0.25914221869574655 0.053447532653808597 0.0747646755642361
0 0.24632477760314941 0.47355397542317706 0.03984127044677734 0.07406226264105903
0 0.654954481124878 0.022638108995225694 0.05414867401123047 0.045170762803819445
0 0.9499320983886719 0.2895057678222656 0.050490379333496094 0.09756401909722222
0 0.4522982597351074 0.4751091851128472 0.04186115264892578 0.09672325981987848
0 0.27699105739593505 0.32379220326741537 0.04698586463928223 0.04896575080023872
0 0.4055292963981628 0.12916522555881077 0.03556482791900635 0.06390533447265626
0 0.27713229656219485 0.839312998453776 0.03617501258850098 0.07540740966796874
0 0.47486076354980467 0.7618391248914931 0.026596260070800782 0.06402960883246528
0 0.34019758701324465 0.9797051323784722 0.04370317459106445 0.03988664415147569
0 0.9795220375061036 0.8968289693196615 0.04081745147705078 0.09792700873480903
0 0.7234879970550537 0.18372747633192274 0.029471111297607423 0.060741424560546875
0 0.1500645399093628 0.23587718539767796 0.052846097946166994 0.07613228691948784
0 0.22443208694458008 0.6192226833767361 0.029967117309570312 0.07367078993055555
0 0.3063674449920654 0.4659795125325521 0.027295017242431642 0.05063849555121528
0 0.1865882992744446 0.2863485548231337 0.02598526477813721 0.053926510281032985
0 0.7202341079711914 0.669380866156684 0.031814956665039064 0.06551649305555556
0 0.010259661078453063 0.9840196397569444 0.020519322156906127 0.02696923149956597
0 0.9128086419753086 0.09876543209876545 0.04629629629629631 0.04458161865569272
0 0.86426183127572 0.7411979881115685 0.031507201646090624 0.06973022405121161
0 0.8417566872427983 0.0793324188385917 0.04179526748971192 0.04686785550983081
0 0.8862750771604938 0.02166209419295841 0.05692515432098754 0.04332418838591682
