0 0.9361801147460938 0.27453491687774656 0.12685750325520834 0.07135014533996582
0 0.5249348958333333 0.793541431427002 0.0809417724609375 0.07744503021240234
0 0.5150666978624132 0.2722497463226318 0.12278238932291667 0.053084516525268556
0 0.45871590508355037 0.9384047508239746 0.16770748562282986 0.06138324737548828
0 0.40539415147569446 0.272925877571106 0.12335222032335069 0.07074160575866699
0 0.4948415968153212 0.6113841533660889 0.10136328803168403 0.05630817413330078
0 0.5037024603949652 0.12180074453353881 0.0984954833984375 0.09436485767364503
0 0.6374538845486111 0.07101244926452636 0.08359900580512153 0.058453035354614255
0 0.15150578816731772 0.6467580795288086 0.16137780083550346 0.05635414123535156
0 0.6782070583767361 0.14076559543609618 0.12546420627170138 0.0685734748840332
0 0.34896672566731773 0.3322054147720337 0.13717481825086805 0.04700999259948731
0 0.5849741617838542 0.12799579799175262 0.07049357096354167 0.07286878228187561
0 0.646061282687717 0.7621513843536377 0.14782901340060764 0.06376485824584961
0 0.6298028733995226 0.5700894355773926 0.10192938910590278 0.06089649200439453
0 0.14572686089409723 0.05011713355779648 0.19395345052083332 0.06610925495624542
0 0.8479804144965277 0.5578278541564942 0.11665818956163194 0.052089500427246097
0 0.8845570882161459 0.2272860050201416 0.12061648898654515 0.04698371887207031
0 0.15340364244249133 0.4759076118469238 0.16927439371744793 0.05687894821166992
0 0.3442693286471897 0.6638761520385742 0.13837852478027343 0.047150611877441406
0 0.7375968085394965 0.5593776702880859 0.11658223470052083 0.05134153366088867
0 0.8122716267903646 0.44356722831726075 0.15294358995225693 0.07278022766113282
0 0.4015958997938368 0.3827046871185303 0.1265689425998264 0.08895635604858398
0 0.5163390265570746 0.8688692092895508 0.11230553521050347 0.08240928649902343
0 0.6279210408528646 0.28020949363708497 0.11632130940755209 0.047740507125854495
0 0.48237219916449653 0.32794957160949706 0.1495547824435764 0.047079277038574216
0 0.30645501878526477 0.8396912574768066 0.12974794175889756 0.03717994689941406
0 0.22040015326605902 0.23962178230285644 0.15027330186631943 0.04468393325805664
0 0.5269358317057292 0.367978572845459 0.116033935546875 0.04491500854492188
0 0.824705081515842 0.2796657562255859 0.09183061387803819 0.07570137977600097
0 0.9681002722846137 0.3681555032730103 0.06379945543077258 0.05244355201721192
0 0.3688685946994358 0.8718963623046875 0.1022249009874132 0.047530746459960936
0 0.7740403917100694 0.3414302349090576 0.13048604329427083 0.05686321258544922
0 0.7268340216742621 0.7768545150756836 0.12974768744574652 0.046934890747070315
0 0.6517160203721788 0.9781839370727539 0.11553005642361111 0.04321861267089844
0 0.5316084120008681 0.4372565269470215 0.09725816514756945 0.0705047607421875
0 0.6249262491861979 0.2368250846862793 0.1259092542860243 0.04592189788818359
0 0.7875974867078993 0.5122439384460449 0.15899844699435764 0.04528388977050781
0 0.9217100355360243 0.4058364391326904 0.11411234537760416 0.05077199935913086
0 0.7754717508951823 0.1885657548904419 0.12489098442925348 0.0387113094329834
0 0.40916222466362845 0.7698580741882324 0.15325283474392362 0.05600728988647461
0 0.12988480461968316 0.5233687400817871 0.13541878594292533 0.0378509521484375
0 0.7939626057942708 0.1547748327255249 0.09992404513888889 0.036626434326171874
0 0.4327341715494792 0.2038931131362915 0.10451321072048611 0.07404742240905762
0 0.5905538770887587 0.3996281147003174 0.10355055067274306 0.03796377182006836
0 0.8468499077690972 0.36862523555755616 0.14114888509114584 0.05093955993652344
0 0.756884765625 0.8121236562728882 0.11720208062065972 0.03636136054992676
0 0.9797797309027778 0.5392465591430664 0.03973761664496528 0.04472770690917969
0 0.2915177239312066 0.00911930650472641 0.0917324490017361 0.01812417507171631
0 0.5842542860243055 0.011894582957029342 0.12425401475694445 0.023789165914058684
0 0.2953052944607205 0.28218832015991213 0.10057847764756944 0.061388492584228516
0 0.9188595241970486 0.5004279613494873 0.1308865017361111 0.05762548446655273
0 0.12329898410373263 0.008715207874774932 0.1364101833767361 0.017430415749549864
0 0.9280873616536458 0.4564960479736328 0.11677042643229167 0.04771690368652344
0 0.2536735534667969 0.2780122756958008 0.09315965440538194 0.058779239654541016
