0 0.286102294921875 0.012689314782619476 0.05530921088324653 0.025378629565238953
0 0.43297017415364586 0.531895923614502 0.051958719889322914 0.03772792816162109
0 0.6383819580078125 0.4738344192504883 0.08127983940972222 0.029732131958007814
0 0.5054996066623264 0.19170037508010865 0.044579399956597224 0.03861396312713623
0 0.48754645453559026 0.4722770690917969 0.05505913628472222 0.033055877685546874
0 0.32865840064154733 0.5699121952056885 0.05333179897732205 0.043980884552001956
0 0.3671296861436632 0.11689133644104004 0.05021107991536458 0.023591279983520508
0 0.7230038113064237 0.3100398063659668 0.05126783582899305 0.03647279739379883
0 0.8998810662163629 0.9429109573364258 0.045159233940972224 0.049707794189453126
0 0.6426611158582899 0.012694540619850158 0.07185567220052083 0.025389081239700316
0 0.8468304104275174 0.37163124084472654 0.0528778076171875 0.035761547088623044
0 0.31974088880750867 0.0478151798248291 0.052722337510850696 0.034922027587890626
0 0.6392043219672309 0.582041072845459 0.06118554009331597 0.020137977600097657
0 0.8804126315646701 0.6729972839355469 0.04895358615451389 0.02780609130859375
0 0.8192754109700521 0.04360780715942383 0.06065860324435764 0.029978346824645997
0 0.4344023458948633 0.47669132938535197 0.051802650378236434 0.036610779549506076
0 0.42246831258138023 0.2763233661651611 0.06777428521050347 0.028432273864746095
0 0.3154614766438802 0.33799502849578855 0.06606903076171874 0.03794279098510742
0 0.6791217380099827 0.13969414234161376 0.04762030707465278 0.03271563053131103
0 0.9511952718098958 0.15593796968460083 0.05338236490885417 0.026784229278564452
0 0.3176041497124566 0.09514512419700623 0.06458248562282987 0.02954808473587036
0 0.49755605061848956 0.5681344985961914 0.04214884440104167 0.03743305206298828
0 0.40061077541775175 0.1868423581123352 0.04357028537326389 0.02948925495147705
0 0.5215265062120226 0.8265130996704102 0.056206597222222224 0.047147369384765624
0 0.08226428561740451 0.6195512294769288 0.06419957478841146 0.025872421264648438
0 0.6776268853081597 0.42588214874267577 0.05510118272569445 0.026795196533203124
0 0.7905741373697917 0.6399183750152588 0.06651967366536458 0.0344294548034668
0 0.908669196234809 0.10999588668346405 0.05883161756727431 0.034488445520401
0 0.8168768988715278 0.7512558937072754 0.05216098361545139 0.047882080078125
0 0.2719317118326823 0.9503646850585937 0.061886766221788195 0.037021636962890625
0 0.5625681559244792 0.15222034454345704 0.06516469319661458 0.03970351219177246
0 0.5457650926378038 0.8949342727661133 0.062432013617621525 0.03085746765136719
0 0.5177130805121528 0.2673052787780762 0.04031219482421875 0.026359367370605468
0 0.4478625827365451 0.22217965126037598 0.05026889377170139 0.02676563262939453
0 0.30358064439561633 0.43877320289611815 0.06974351671006944 0.034526920318603514
0 0.2019635518391927 0.028841352462768553 0.0823638916015625 0.03679926991462708
0 0.5027008056640625 0.2453451156616211 0.056538221571180554 0.01902456283569336
0 0.5354663425021702 0.7028540134429931 0.0414093017578125 0.032412242889404294
0 0.5918065388997396 0.6088888645172119 0.04887729220920139 0.025395870208740234
0 0.9560175577799479 0.8055699348449707 0.05765516493055556 0.027443504333496092
0 0.6280306529359103 0.23301711476693943 0.036297982550459865 0.032963363392146554
0 0.4781373765733507 0.2834962844848633 0.042454359266493054 0.03636026382446289
0 0.7719529893663194 0.8146687507629394 0.03793707953559028 0.03374500274658203
0 0.6055781046549479 0.06323389410972595 0.07471686469184027 0.028988659381866455
0 0.2888171611217411 0.9262582195712512 0.07559291075325186 0.037391767226492095
0 0.47977617051866317 0.4980605602264404 0.049429999457465276 0.03428335189819336
0 0.2927565680609809 0.2811973810195923 0.05003907945421007 0.02224106788635254
0 0.9787211100260417 0.6792160034179687 0.033660210503472225 0.033060455322265626
0 0.38657921685112845 0.8332843780517578 0.06737297905815973 0.032708740234375
0 0.5797569519648158 0.5187035134458167 0.04973077381898294 0.032146778882644965
0 0.5954518636067708 0.22431812286376954 0.04333767361111111 0.04151420593261719
0 0.4807344224717882 0.8776573181152344 0.04804755316840278 0.0302276611328125
0 0.9293021308051215 0.44132080078125 0.05827297634548611 0.02623291015625
0 0.6823523627387152 0.8185652732849121 0.04322679307725694 0.023025131225585936
0 0.3626912434895833 0.8614686012268067 0.08708546956380209 0.027028846740722656
0 0.6676174587673611 0.27607128620147703 0.04622056749131945 0.028726816177368164
0 0.8487013075086806 0.02546897530555725 0.05134921603732639 0.021140307188034058
0 0.46849967108832463 0.8243629455566406 0.054177178276909724 0.04387359619140625
0 0.9377109103732639 0.8771211624145507 0.045394049750434026 0.03004798889160156
0 0.7340489705403646 0.8272419929504394 0.051157972547743055 0.029546546936035156
0 0.8332710266113281 0.2726580142974854 0.06586405436197916 0.02385568618774414
0 0.11963238186306424 0.21376461982727052 0.06177147759331597 0.03056926727294922
0 0.4866668701171875 0.35601353645324707 0.06205885145399306 0.049706649780273435
0 0.5089591132269965 0.8526727676391601 0.05009579128689236 0.020973587036132814
0 0.38343895806206596 0.6126470565795898 0.053702629937065975 0.03745975494384766
0 0.6742078145345052 0.2531611919403076 0.051030476888020836 0.02134051322937012
0 0.5674610236950259 0.4970432125051503 0.03795500160410865 0.01969310254875444
0 0.5762674967447917 0.9657453536987305 0.049544609917534725 0.025885772705078126
0 0.8051924878218042 0.18032892094509498 0.05671913634239319 0.022380215852592252
0 0.47224468655056423 0.8552969932556153 0.049146016438802086 0.030054473876953126
0 0.6934504191080729 0.7962486267089843 0.03714599609375 0.02757740020751953
0 0.429644211140274 0.5733267716535433 0.06561679790026244 0.022965879265091853
