0 0.37983074188232424 0.9615208625793457 0.16072120666503906 0.06391696929931641
0 0.2593975490993924 0.09223667979240417 0.09797736273871528 0.06670235395431519
0 0.12432729932996962 0.09720029830932617 0.16699210272894965 0.06189243793487549
0 0.09991472032335069 0.3786458492279053 0.1525952657063802 0.04919500350952148
0 0.9116755167643229 0.531057596206665 0.15639377170138888 0.05610170364379883
0 0.5753628200954861 0.7104089736938477 0.16323106553819444 0.05751781463623047
0 0.8244739956325955 0.689037275314331 0.1412411159939236 0.05624866485595703
0 0.8044355604383681 0.25570292472839357 0.15157708062065972 0.05567665100097656
0 0.9492538876003689 0.40651235580444334 0.10149222479926215 0.05336980819702149
0 0.8459955851236979 0.11942569017410279 0.12432657877604167 0.04400074481964111
0 0.41418033175998265 0.7339839935302734 0.140399169921875 0.05004444122314453
0 0.7685011969672308 0.042479176074266434 0.12291039360894097 0.04844173043966293
0 0.46772469414605033 0.3453215599060059 0.10033772786458334 0.05151863098144531
0 0.5133716159396702 0.022426389157772064 0.1295250786675347 0.04329611361026764
0 0.9622060139973958 0.7647624969482422 0.07558797200520834 0.05108146667480469
0 0.655479007297092 0.402905797958374 0.10097554524739584 0.05659551620483398
0 0.5924101087782118 0.22570903301239015 0.1382726033528646 0.06000924110412598
0 0.5103934393988715 0.3903518199920654 0.13291422526041666 0.04654817581176758
0 0.12972208658854167 0.5099055290222168 0.15832188924153645 0.051832389831542966
0 0.12931997511121962 0.6851150989532471 0.12023713853624132 0.04280786514282227
0 0.9563746134440104 0.03253089487552643 0.08623589409722222 0.04414011836051941
0 0.866833241780599 0.7896428108215332 0.12113223605685763 0.05435466766357422
0 0.04069688585069445 0.5782748222351074 0.07894321017795139 0.044123172760009766
0 0.9458561367458768 0.1629781723022461 0.10827823215060764 0.057524585723876955
0 0.8650485568576389 0.6225226402282715 0.09515618218315972 0.05916652679443359
0 0.0392746819390191 0.8037045478820801 0.07810651991102431 0.04464645385742187
0 0.31697599622938366 0.49284820556640624 0.12500508626302084 0.052908706665039065
0 0.7179009331597223 0.016217106580734254 0.13787638346354167 0.03243421316146851
0 0.24746305677625868 0.9737386703491211 0.08241661919487847 0.05055084228515625
0 0.5891915215386285 0.5364181518554687 0.12075415717230903 0.047379589080810545
0 0.2567371792263455 0.16063035726547242 0.09769965277777778 0.04130895137786865
0 0.3263036092122396 0.24550325870513917 0.16648000081380207 0.051198148727416994
0 0.4802046881781684 0.7789275169372558 0.1454042222764757 0.051412200927734374
0 0.6400604248046875 0.15812079906463622 0.0772430419921875 0.06867794990539551
0 0.8835352579752604 0.17911152839660643 0.0775909423828125 0.047092008590698245
0 0.2842672559950087 0.20380232334136963 0.16104312472873264 0.04732146263122559
0 0.71272218492296 0.5736968517303467 0.11695658365885417 0.04336223602294922
0 0.46187913682725695 0.6783829689025879 0.12206081814236111 0.04502296447753906
0 0.24304165310329862 0.7970626831054688 0.12216678195529514 0.053557205200195315
0 0.24416554768880208 0.8379767417907715 0.11355260213216146 0.03828849792480469
0 0.9488171047634548 0.5715075492858886 0.1007724338107639 0.034674072265625
0 0.9735484229193794 0.07382159233093262 0.05290315416124132 0.05556719303131104
0 0.34265653822157116 0.8563986778259277 0.13549974229600695 0.06126346588134766
0 0.21594746907552084 0.8863386154174805 0.15365481906467013 0.05536384582519531
0 0.557836405436198 0.6552920341491699 0.12225511338975695 0.041980934143066403
0 0.41547105577256943 0.00945567488670349 0.0829225328233507 0.01878724992275238
0 0.6528220282660591 0.7610158920288086 0.07699822319878472 0.05878143310546875
0 0.19826613816932945 0.5424978744151981 0.13153084079458763 0.049451925588208566
0 0.5840228610568576 0.8484171867370606 0.11138390435112847 0.06294631958007812
0 0.050980631510416666 0.8476970672607422 0.10029958089192709 0.04466705322265625
0 0.9581865946451823 0.6132091045379638 0.08191562228732639 0.052170753479003906
0 0.9022740681966146 0.8458633422851562 0.11245591905381945 0.04592742919921875
0 0.6873784383138021 0.128385591506958 0.04935879177517361 0.03521938323974609
0 0.1725063747829861 0.7404943466186523 0.1494447496202257 0.06492996215820312
0 0.3108670686190066 0.895873708010336 0.10551248923341948 0.03472222222222214
