0 0.29106131659613715 0.04267789721488953 0.15271233452690972 0.05083279609680176
0 0.13038253784179688 0.13370527029037477 0.13546685112847223 0.04836280345916748
0 0.5685543484157987 0.6703449249267578 0.12408888075086806 0.05144710540771484
0 0.10077493455674913 0.35164656639099123 0.18610882229275175 0.06753902435302735
0 0.9239892747667101 0.02912479341030121 0.13319617377387152 0.05824958682060242
0 0.6697324964735243 0.19678947925567628 0.13637593587239583 0.05077033042907715
0 0.6927117241753472 0.45734424591064454 0.12276848687065972 0.052982234954833986
0 0.7505795796712239 0.637284803390503 0.15010257297092014 0.053722286224365236
0 0.25804689195421004 0.774203872680664 0.15730523003472222 0.06150493621826172
0 0.06975674099392361 0.16343162059783936 0.1357021755642361 0.054391884803771974
0 0.20144983927408855 0.4435262680053711 0.12846798366970485 0.0721665382385254
0 0.9436316596137153 0.910523796081543 0.11005723741319444 0.048125839233398436
0 0.2393561469184028 0.8997395515441895 0.17041473388671874 0.06489429473876954
0 0.31746126810709635 0.48983325958251955 0.1596117655436198 0.06717548370361329
0 0.4728501213921441 0.28414349555969237 0.10131937662760417 0.07872405052185058
0 0.45449947781032984 0.3963115930557251 0.1773349338107639 0.0630403995513916
0 0.3325127495659722 0.24739515781402588 0.19208170572916666 0.06581177711486816
0 0.06119524637858073 0.52642822265625 0.12239049275716146 0.04872884750366211
0 0.21162151760525175 0.6393267631530761 0.16208750406901043 0.05876474380493164
0 0.7054397583007812 0.23730101585388183 0.12085944281684027 0.04591217041015625
0 0.6171695285373264 0.8915124893188476 0.14553409152560765 0.05468177795410156
0 0.28110618591308595 0.9747860908508301 0.16877059936523436 0.050427818298339845
0 0.2728366004096137 0.2977405548095703 0.16572630140516492 0.05877418518066406
0 0.5939765082465278 0.0679496169090271 0.15810648600260416 0.07413260936737061
0 0.46721649169921875 0.019335630536079406 0.1104278564453125 0.03867126107215881
0 0.7792765299479166 0.033054104447364806 0.14257066514756944 0.051825934648513795
0 0.350437503390842 0.6797473907470704 0.1563625759548611 0.07106704711914062
0 0.9581763373480903 0.7926074028015136 0.08098788791232639 0.04374351501464844
0 0.4479765150282118 0.20121673941612245 0.19192131890190972 0.0619430661201477
0 0.11615812513563369 0.48835134506225586 0.18470933702256945 0.05552482604980469
0 0.49379899766710067 0.14882471561431884 0.1389034695095486 0.05234439373016357
0 0.6985668606228299 0.3189957618713379 0.1326989067925347 0.08576269149780273
0 0.736608378092448 0.006293053179979325 0.12592976888020832 0.012181581556797027
0 0.30807164510091145 0.012731438875198365 0.13036397298177083 0.02546287775039673
0 0.5978841993543836 0.016919995844364166 0.10244598388671874 0.03376600444316864
