0 0.6552020072937011 0.20578236050075954 0.06284751892089843 0.1553911844889323
0 0.1458817958831787 0.940107896592882 0.054939651489257814 0.11815965440538194
0 0.3958000659942627 0.3536649915907118 0.047686004638671876 0.12207438151041666
0 0.030241768807172775 0.17377946641710068 0.04970892816781998 0.12355533175998264
0 0.2642634153366089 0.20099105834960937 0.06429662704467773 0.08536478678385416
0 0.04035654589533806 0.9394927978515625 0.036432744562625886 0.10398898654513888
0 0.2967526912689209 0.06616906060112847 0.059815502166748045 0.06703677707248264
0 0.05014683604240418 0.27692222595214844 0.07506397962570191 0.07496566772460937
0 0.6242612838745117 0.4764300028483073 0.053360366821289064 0.10285237630208334
0 0.04984673857688904 0.5736343383789062 0.060703957080841066 0.07623053656684028
0 0.5359389781951904 0.23146014743381077 0.057518959045410156 0.08322330050998264
0 0.017661337554454804 0.9630535549587673 0.03532267510890961 0.0713165283203125
0 0.05083038806915283 0.7681889851888021 0.034467315673828124 0.09032999674479167
0 0.43590970039367677 0.4025200737847222 0.06197624206542969 0.07298550075954861
0 0.20445854663848878 0.9693856133355034 0.043851375579833984 0.06026475694444444
0 0.4392703056335449 0.5751028272840711 0.05564823150634766 0.061795213487413195
0 0.54500732421875 0.47419976128472224 0.030005931854248047 0.08474833170572917
0 0.3551989793777466 0.57099609375 0.03407807350158691 0.08189866807725694
0 0.07272637486457825 0.8803514268663194 0.03866138458251953 0.040907965766059026
0 0.4480585098266602 0.6637327406141493 0.04999237060546875 0.07247890896267362
0 0.5980558872222901 0.9401074727376302 0.06698293685913086 0.07452256944444445
0 0.6428919792175293 0.7620869954427083 0.027396774291992186 0.07476976182725695
0 0.09836238622665405 0.7866600884331597 0.04215607643127441 0.08698849148220486
0 0.42967824935913085 0.9557308620876737 0.04953460693359375 0.0585662841796875
0 0.6007961750030517 0.8506720648871527 0.05992422103881836 0.10163998074001736
0 0.007479686290025711 0.48644544813368057 0.014959372580051422 0.09474826388888889
