0 0.19742554558648004 0.4797983169555664 0.06956888834635416 0.07379989624023438
0 0.0569740719265408 0.9077365875244141 0.1139481438530816 0.07503528594970703
0 0.829155405010949 0.715549795218656 0.12882501354581039 0.04679538331757082
0 0.6854231092664931 0.14302728176116944 0.1101318359375 0.04340789318084717
0 0.6862428453233507 0.7687812805175781 0.0847049289279514 0.07041721343994141
0 0.5015987820095487 0.26774609088897705 0.07571580674913195 0.06654548645019531
0 0.1533055199517144 0.7344674587249755 0.07701797485351562 0.06635990142822265
0 0.770542229546441 0.5672718048095703 0.08535664876302083 0.06543445587158203
0 0.4126150343153212 0.843259048461914 0.11411675347222222 0.06081962585449219
0 0.7640819125705295 0.3002547025680542 0.11554192437065972 0.05599231719970703
0 0.9496756659613715 0.2603918552398682 0.05919426812065972 0.04988775253295898
0 0.9446565416124132 0.9612707138061524 0.10216335720486111 0.061753463745117185
0 0.07963761223687066 0.9556705474853515 0.15072513156467013 0.08836631774902344
0 0.04182451036241319 0.5117225646972656 0.08282318115234374 0.061723518371582034
0 0.597927008734809 0.8801981925964355 0.07974277072482638 0.06510658264160156
0 0.4879694620768229 0.8938863754272461 0.1021699693467882 0.049127960205078126
0 0.12260699801974827 0.471746826171875 0.0873441908094618 0.07185783386230468
0 0.3602457470364041 0.38279013633728026 0.1008965810139974 0.05701026916503906
0 0.9674877590603299 0.8231508255004882 0.061573961046006945 0.0670928955078125
0 0.4663570827907986 0.13492014408111572 0.0789703369140625 0.0645747184753418
0 0.6061450726434681 0.2924233305415675 0.12122297948832483 0.04702303648766577
0 0.601802741156684 0.06416420936584473 0.11495395236545139 0.07610187530517579
0 0.11017677652797268 0.1949219000763878 0.13689204205372743 0.06909632929706268
0 0.9652391221788195 0.21303927898406982 0.06850314670138889 0.05844855308532715
0 0.11824090745713976 0.13528919219970703 0.11002875434027778 0.06002058982849121
0 0.47989430268091166 0.37340543929812975 0.11842067187658022 0.05020893684868675
0 0.7035035875108507 0.032989561557769775 0.07066819932725694 0.06585592031478882
0 0.44606814914279513 0.44261989593505857 0.1303836398654514 0.07458705902099609
0 0.37457495795355905 0.24792203903198243 0.13782958984375 0.05422191619873047
0 0.27276696099175346 0.36827392578125 0.08443518744574653 0.06336765289306641
0 0.6522606743706597 0.04159073531627655 0.06747368706597222 0.039598554372787476
0 0.5168316311306423 0.9881881713867188 0.102117919921875 0.0236236572265625
0 0.9777770148383247 0.6806594848632812 0.044445970323350695 0.055950927734375
0 0.27514114379882815 0.5872283935546875 0.1234402126736111 0.10952215194702149
0 0.30591133965386286 0.3214449882507324 0.1698516845703125 0.060463333129882814
