0 0.9190459251403809 0.8559826321072048 0.061955833435058595 0.09348890516493055
0 0.6148047924041748 0.9555742475721571 0.04728355407714844 0.08885150485568577
0 0.2724859952926636 0.9611814710828993 0.0694211483001709 0.07763705783420138
0 0.589594841003418 0.17270550198025172 0.04184989929199219 0.09534488254123263
0 0.9014455795288085 0.36094097561306426 0.04981842041015625 0.08541463216145834
0 0.7203014373779297 0.3593593809339735 0.05287628173828125 0.07533539666069879
0 0.6696659088134765 0.5611056857638889 0.05545482635498047 0.09399346245659722
0 0.7690061569213867 0.3031196170383029 0.040004920959472653 0.09003083970811632
0 0.07657076120376587 0.4103538513183594 0.04502472877502441 0.09106462266710069
0 0.11550118625164033 0.2542511834038628 0.039162594079971316 0.09964930216471354
0 0.37953743934631345 0.43350948757595487 0.04900712966918945 0.06561414930555555
0 0.710563850402832 0.4697904798719618 0.05119953155517578 0.08228658040364584
0 0.7468103885650634 0.20182456970214843 0.04543228149414062 0.11034300062391493
0 0.2866192817687988 0.17567562527126737 0.0465641975402832 0.0753538343641493
0 0.8312005043029785 0.8694637722439236 0.041551971435546876 0.08334147135416667
0 0.635124397277832 0.6410886976453993 0.04299869537353516 0.11576639811197917
0 0.8003612518310547 0.3319018046061198 0.04437999725341797 0.050662061903211805
0 0.2141481876373291 0.10829764472113715 0.04994091987609863 0.05348341200086806
0 0.7847346305847168 0.5017139010959202 0.054052734375 0.07059546576605903
0 0.7824437618255615 0.20032628377278647 0.03242197036743164 0.06803131103515625
0 0.777430248260498 0.4294130113389757 0.053202247619628905 0.08058268229166667
0 0.6737086296081543 0.6430986192491319 0.03911094665527344 0.07230224609375
0 0.799606466293335 0.2776595221625434 0.04344263076782227 0.05411868625217014
0 0.7788107872009278 0.11140382554796006 0.03878154754638672 0.05847557915581597
0 0.8500957489013672 0.21694441901312933 0.03386688232421875 0.07315470377604166
0 0.7306896209716797 0.42042083740234376 0.042733955383300784 0.052681647406684025
0 0.6992125034332275 0.40148841010199654 0.02715721130371094 0.06057773166232639
0 0.8185376167297364 0.0348014407687717 0.0416259765625 0.0634383307562934
0 0.014432033896446228 0.03498018052842882 0.028446394205093383 0.06265733506944444
0 0.9206447601318359 0.016396331787109374 0.03652133941650391 0.03241238064236111
0 0.7648100852966309 0.14285655551486545 0.04194984436035156 0.03997463650173611
0 0.8877601623535156 0.22180887858072917 0.04398670196533203 0.05604519314236111
0 0.7559451103210449 0.3739695231119792 0.030335617065429688 0.05682017008463542
0 0.14803338050842285 0.5256698608398438 0.05303711891174316 0.0754425048828125
0 0.7837721824645996 0.3701916164822049 0.03819694519042969 0.05065731472439236
