0 0.8776058620876737 0.233689546585083 0.06706254747178819 0.030628681182861328
0 0.07454278733995226 0.6167240142822266 0.050083753797743054 0.041328144073486325
0 0.19206742180718317 0.5993124961853027 0.050766075981987846 0.029578399658203126
0 0.07221573723687066 0.12302908897399903 0.0632399664984809 0.026045989990234376
0 0.11660063001844619 0.10847729444503784 0.06765713161892362 0.028152775764465333
0 0.27668334113226994 0.5784952163696289 0.05283618503146702 0.04770107269287109
0 0.6895482381184895 0.22117924690246582 0.04547390407986111 0.04221267700195312
0 0.29225277370876734 0.7690996646881103 0.10303785536024306 0.03517599105834961
0 0.9799871656629774 0.8681787490844727 0.039504326714409725 0.0352325439453125
0 0.9110058254665798 0.5571708679199219 0.05533379448784722 0.033979034423828124
0 0.788730706108941 0.6867071151733398 0.0500640869140625 0.037575721740722656
0 0.7671023898654514 0.5334609031677247 0.05369398328993055 0.04722023010253906
0 0.29121653238932294 0.39814980030059816 0.055475870768229164 0.040319395065307614
0 0.23602990044487848 0.8081509590148925 0.056304083930121526 0.029486846923828126
0 0.7272717793782552 0.2575361251831055 0.04921858045789931 0.04560165405273438
0 0.8768530951605903 0.07186241149902343 0.10095079210069445 0.03587827682495117
0 0.14960369533962672 0.42094030380249026 0.0683775160047743 0.027379226684570313
0 0.286042234632704 0.21944024562835693 0.07749676174587673 0.03621716499328613
0 0.41743587917751734 0.25989770889282227 0.054737684461805554 0.04041776657104492
0 0.4613093058268229 0.29928741455078123 0.05611368815104167 0.03923177719116211
0 0.4832076178656684 0.14067559242248534 0.05560065375434028 0.029637694358825684
0 0.7085116916232639 0.6550478458404541 0.059361436631944445 0.04452457427978516
0 0.7568951076931424 0.4341616630554199 0.050913492838541664 0.0428431510925293
0 0.14683863321940105 0.16911216974258422 0.04500528971354167 0.03761930465698242
0 0.770060560438368 0.15792441368103027 0.08538343641493056 0.05224342346191406
0 0.18389901055230035 0.4480776786804199 0.049313524034288195 0.03476295471191406
0 0.5176239861382379 0.7633345603942872 0.046330091688368054 0.0393986701965332
0 0.4438090006510417 0.3915541648864746 0.038686116536458336 0.03482837677001953
0 0.2991043938530816 0.02960819602012634 0.07599436442057292 0.02871396541595459
0 0.45049701266818576 0.928461742401123 0.048481920030381945 0.037038421630859374
0 0.9435821533203125 0.012896141409873963 0.04836832682291667 0.025558024644851685
0 0.7567690531412761 0.35331690311431885 0.04341311984592014 0.037982511520385745
0 0.9385779486762152 0.9159134864807129 0.07107713487413195 0.029465675354003906
0 0.7593585544162327 0.03720808625221252 0.055451117621527775 0.022569775581359863
0 0.5991136338975694 0.3063163995742798 0.055424669053819445 0.02492356300354004
0 0.200687747531467 0.40010924339294435 0.0550172593858507 0.04023303985595703
0 0.7428336249457466 0.32135653495788574 0.05936787923177083 0.02434253692626953
0 0.1923243204752604 0.6350823402404785 0.051775614420572914 0.040826034545898435
0 0.742295413547092 0.6871404647827148 0.0479888916015625 0.03617515563964844
0 0.2703528086344401 0.707842493057251 0.04265170627170139 0.030928707122802733
0 0.4969519721137153 0.41188955307006836 0.046713935004340276 0.03854818344116211
0 0.8933246188693577 0.7480636596679687 0.05027126736111111 0.03714771270751953
0 0.6438394334581163 0.19294649362564087 0.045073784722222225 0.0340045690536499
0 0.9472891065809462 0.8805423736572265 0.04972890218098958 0.040556716918945315
0 0.4743437025282118 0.7828833580017089 0.04263186984592014 0.0352081298828125
0 0.6902264065212673 0.6848806381225586 0.06099429660373264 0.02538890838623047
0 0.5115542941623263 0.0559214174747467 0.043070475260416664 0.037893366813659665
0 0.7712246365017361 0.7856022357940674 0.053517320421006945 0.0340367317199707
0 0.689200676812066 0.7972034454345703 0.05049014621310764 0.03745250701904297
0 0.7629547119140625 0.7607951641082764 0.05141720241970486 0.021475601196289062
0 0.020932176378038195 0.5605198860168457 0.04040790134006077 0.022208023071289062
0 0.275718010796441 0.7339268207550049 0.04055023193359375 0.028325271606445313
0 0.4642105950249566 0.5290182113647461 0.04937015109592014 0.045250225067138675
0 0.1447511461046007 0.01786664128303528 0.04482421875 0.03522593379020691
0 0.30867733425564237 0.12001609802246094 0.03824259440104167 0.03732938766479492
0 0.5874933878580729 0.6733378410339356 0.06337415907118056 0.023715972900390625
0 0.3535068088107639 0.9483366012573242 0.05764227973090278 0.026988983154296875
0 0.8870978461371528 0.45457749366760253 0.04112464057074653 0.034965229034423825
0 0.6449290805392796 0.10931956768035889 0.04921349419487847 0.04028017520904541
0 0.8650514390733507 0.7649477958679199 0.03398301866319445 0.033861541748046876
0 0.6066460503472222 0.9043926239013672 0.0761990017361111 0.037718772888183594
0 0.3878997802734375 0.40728440284729006 0.03351474338107639 0.030571842193603517
0 0.7646358913845486 0.46817502975463865 0.07350429958767361 0.02518806457519531
0 0.6782028198242187 0.43653135299682616 0.06327989366319445 0.023242950439453125
0 0.4844060262044271 0.5071036338806152 0.04449225531684028 0.029797840118408202
0 0.9201998392740885 0.449222993850708 0.03629336886935764 0.026428031921386718
0 0.26302413940429686 0.00969369187951088 0.050125969780815974 0.01938738375902176
0 0.3550302293565538 0.5860285758972168 0.06881730821397569 0.029658126831054687
0 0.6608966403537326 0.5734173774719238 0.04163699679904514 0.0260894775390625
0 0.8588645935058594 0.6163960933685303 0.03691830105251736 0.03231477737426758
0 0.6748586018880208 0.8302305221557618 0.045462714301215276 0.03247909545898438
0 0.9653461032443577 0.04960641860961914 0.06190728081597222 0.026261866092681885
0 0.7655841403537327 0.81241455078125 0.045403374565972224 0.02003345489501953
0 0.8099022759331598 0.5519083976745606 0.04981570773654514 0.031659507751464845
0 0.5082760281032986 0.9380451202392578 0.07911275227864584 0.045438385009765624
0 0.692145029703776 0.4043276309967041 0.04240451388888889 0.03654642105102539
0 0.23571929931640626 0.9136499404907227 0.05214046902126736 0.0405059814453125
0 0.27375708685980904 0.12239360809326172 0.033015272352430555 0.030467534065246583
0 0.75346433851454 0.7150208473205566 0.05848337809244792 0.04199771881103516
0 0.5937156677246094 0.9371706008911133 0.04869452582465278 0.03270034790039063
0 0.6196946885850695 0.7845401287078857 0.03979627821180556 0.03097696304321289
0 0.6194849650065104 0.012087129056453705 0.06545240614149306 0.024144530296325684
0 0.6341771443684896 0.7646873474121094 0.0519468519422743 0.0294921875
0 0.323388671875 0.5709481239318848 0.03896213107638889 0.030287551879882812
0 0.6267151726616753 0.7270589828491211 0.042412651909722224 0.036396217346191403
0 0.5783014933268229 0.9675462722778321 0.07001851399739584 0.0273040771484375
0 0.5544396294487848 0.6936322689056397 0.04429863823784722 0.035973644256591795
0 0.8551711188422308 0.8508709907531739 0.04427303738064236 0.03460674285888672
0 0.02392213609483507 0.1931438446044922 0.04083031548394097 0.0372194766998291
0 0.6450629340277778 0.860190486907959 0.0486663818359375 0.03098640441894531
0 0.5841669718424479 0.7096246719360352 0.06405436197916667 0.02333412170410156
0 0.9840780470106337 0.12119477987289429 0.03124728732638889 0.037963128089904784
0 0.28333926730685766 0.3566938877105713 0.06450322469075521 0.033174991607666016
0 0.9760491265190973 0.029775872826576233 0.04614817301432292 0.02641291618347168
0 0.9837154812282987 0.6829537868499755 0.02801445855034722 0.04028739929199219
0 0.6932748582628038 0.58120698928833 0.04529774983723958 0.03577480316162109
0 0.5645467970106337 0.9579948425292969 0.05298122829861111 0.040738677978515624
