0 0.8202568901909723 0.31071646213531495 0.121807861328125 0.08614087104797363
0 0.9180039299858941 0.2753000259399414 0.11073693169487847 0.09545679092407226
0 0.07248107062445747 0.5054163932800293 0.11566382514105902 0.09274272918701172
0 0.07719955444335938 0.6200249671936036 0.15439910888671876 0.06416358947753906
0 0.9603142632378472 0.882810401916504 0.07937147352430556 0.0634674072265625
0 0.57529296875 0.09182923883199692 0.2086544460720486 0.08402877151966096
0 0.06890928480360244 0.3897093772888184 0.1337064954969618 0.09674301147460937
0 0.3414004855685764 0.11559498012065887 0.1304840087890625 0.07606411576271058
0 0.45123291015625 0.5084348201751709 0.09998677571614584 0.053620338439941406
0 0.5886439853244357 0.5493868827819824 0.11435072157118055 0.06721649169921876
0 0.441823493109809 0.5731440544128418 0.12624715169270834 0.07895030975341796
0 0.13573697408040364 0.8176517248153686 0.08616672092013888 0.07101216316223144
0 0.4892229715983073 0.4487351417541504 0.16971028645833333 0.06888656616210938
0 0.1818147447374132 0.4348274230957031 0.11090308295355902 0.060968017578125
0 0.7965995788574218 0.11545566320419312 0.12998318142361112 0.09689850807189941
0 0.8446013556586371 0.4011684894561768 0.1523005167643229 0.05462970733642578
0 0.05445980495876736 0.1322098731994629 0.10766330295138889 0.0795867919921875
0 0.3620542738172743 0.30168929100036623 0.10846489800347223 0.053992938995361325
0 0.19452302720811632 0.6644325733184815 0.1163728502061632 0.08182506561279297
0 0.7210117763943142 0.18196687698364258 0.13482767740885418 0.06311745643615722
0 0.30803701612684464 0.25661144256591795 0.1129926045735677 0.09139957427978515
0 0.857859632703993 0.5939212799072265 0.1500703599717882 0.06904735565185546
0 0.7784339057074653 0.357889723777771 0.08298475477430556 0.05824265480041504
0 0.4276160346137153 0.7243405818939209 0.11030544704861112 0.07124185562133789
0 0.356018426683214 0.45084586143493655 0.14704382154676648 0.04638881683349609
0 0.908374532063802 0.539128589630127 0.10138346354166666 0.05879535675048828
0 0.7847047593858507 0.5572205066680909 0.15823465983072918 0.09331188201904297
0 0.9721495734320746 0.7994632244110107 0.05570085313585069 0.06331892013549804
0 0.9649900648328993 0.1736225366592407 0.07001987033420139 0.08036704063415527
0 0.2995044284396701 0.18595553636550904 0.0988583034939236 0.06844546794891357
0 0.860538821750217 0.5001356601715088 0.09295976426866319 0.04522218704223633
0 0.6907767401801215 0.5281021595001221 0.09048021104600694 0.08130645751953125
0 0.18316302829318576 0.3643582820892334 0.10427958170572917 0.07717456817626953
0 0.7332158406575521 0.23986611366271973 0.14035508897569443 0.07060565948486328
0 0.7909317016601562 0.7714642524719239 0.08310750325520834 0.06349029541015624
0 0.8114924112955729 0.22599114775657653 0.08523966471354166 0.07483683824539185
0 0.4058537801106771 0.3770857334136963 0.09513719346788195 0.09759378433227539
0 0.048620351155598956 0.9324106216430664 0.09584096272786459 0.0750946044921875
0 0.49934395684136285 0.18297613859176637 0.13752593994140624 0.048320460319519046
0 0.30008845859103733 0.03555394411087036 0.14642868041992188 0.07021360397338867
0 0.869087897406684 0.4558088302612305 0.1535124037000868 0.051233863830566405
0 0.8874884711371528 0.3481250286102295 0.11339179144965278 0.06929893493652343
0 0.030943806966145834 0.25097548961639404 0.05642072889539931 0.04323048591613769
0 0.20783894856770832 0.23187973499298095 0.10802527533637153 0.05953335762023926
0 0.5797888861762153 0.2748122215270996 0.1268073187934028 0.07524223327636718
0 0.5609864128960503 0.7405035018920898 0.11657867431640626 0.09985828399658203
0 0.6050057305230034 0.45629358291625977 0.07616678873697917 0.07228584289550781
0 0.2070220947265625 0.011395890265703201 0.10030602349175347 0.022791780531406403
0 0.9641764322916667 0.025178906321525574 0.07164713541666666 0.05035781264305115
0 0.382970937093099 0.5353970050811767 0.08526967366536459 0.07148761749267578
0 0.8696107652452257 0.7806591987609863 0.09184943305121528 0.05852165222167969
0 0.025541941324869793 0.9833584308624268 0.0479827880859375 0.033283138275146486
0 0.9679284413655599 0.3456499338150024 0.06414311726888021 0.07546529769897461
0 0.74049072265625 0.6260764122009277 0.14796583387586806 0.08505020141601563
0 0.31169967651367186 0.505216646194458 0.11819288465711805 0.05821523666381836
0 0.32366839514838325 0.889149284362793 0.10182261996799045 0.0697357177734375
0 0.11039920383029514 0.23886678218841553 0.10945553249782985 0.06363058090209961
0 0.30510745578342013 0.7629976749420166 0.15942908393012153 0.0683629035949707
0 0.9782938639322917 0.4292453765869141 0.043412272135416666 0.05859918594360351
0 0.32216207716200085 0.6761435031890869 0.1012255350748698 0.07335796356201171
0 0.919935777452257 0.8386219024658204 0.07142774793836805 0.03927116394042969
0 0.23455963134765626 0.09617822170257569 0.11504601372612847 0.11135399341583252
0 0.8594767252604166 0.18661913871765137 0.1446111043294271 0.06106572151184082
0 0.6935223049587673 0.4330420017242432 0.20354156494140624 0.06607990264892578
0 0.599369133843316 0.33547101020812986 0.15340898301866318 0.05750465393066406
0 0.3025714450412326 0.5766619682312012 0.1367831759982639 0.0885385513305664
0 0.6987486097547743 0.11303832530975341 0.08626912434895834 0.07567374706268311
0 0.08235304090711805 0.708038330078125 0.13366733127170138 0.059338951110839845
0 0.686594729953342 0.685920524597168 0.16719258626302083 0.05981941223144531
0 0.45704803466796873 0.024435561895370484 0.06633978949652777 0.04884563684463501
0 0.22937804328070746 0.9057414054870605 0.11304499308268229 0.0956686019897461
0 0.6934107462565104 0.38125338554382326 0.16265665690104167 0.05989570617675781
0 0.17029889424641928 0.9953476905822753 0.1171187506781684 0.009304618835449219
0 0.6664696611505121 0.739915780141844 0.12805358550039384 0.0653812056737588
