0 0.3551281399197049 0.9371322631835938 0.03783026801215278 0.031183815002441405
0 0.16233965555826824 0.30572123527526857 0.0548903571234809 0.02272825241088867
0 0.15041995578342013 0.7457309246063233 0.05751766628689236 0.019097518920898438
0 0.20281232198079427 0.6188722133636475 0.06611777411566841 0.018575763702392577
0 0.843145751953125 0.15289592742919922 0.04944424099392361 0.018253421783447264
0 0.541166008843316 0.25475144386291504 0.057585991753472225 0.020494937896728516
0 0.3412046432495117 0.705777931213379 0.06362275017632378 0.027146530151367188
0 0.42424324883355036 0.5824412345886231 0.04972856309678819 0.021247482299804686
0 0.20803875393337673 0.7123114585876464 0.06462843153211806 0.024083328247070313
0 0.7424697875976562 0.5900957584381104 0.05603230794270833 0.019476985931396483
0 0.7815171983506944 0.09557275772094727 0.07131822374131945 0.02896835803985596
0 0.34014417860243057 0.6372771263122559 0.05672115749782986 0.022774314880371092
0 0.5814448886447483 0.5970985412597656 0.058392842610677086 0.021390342712402345
0 0.10931243896484374 0.5789640426635743 0.055377197265625 0.017168712615966798
0 0.8929901970757379 0.23283233642578124 0.05544620090060764 0.021639442443847655
0 0.22813813951280382 0.8316913604736328 0.04584689670138889 0.024986839294433592
0 0.9283023410373263 0.6098333358764648 0.0495849609375 0.019849777221679688
0 0.3583740234375 0.06996272802352906 0.05906643337673611 0.02679448127746582
0 0.5241641574435764 0.4266178131103516 0.06299981011284722 0.020851707458496092
0 0.14862806532118056 0.6900171756744384 0.04820387098524306 0.019022083282470702
0 0.34007992214626737 0.19399185180664064 0.04764438205295139 0.03151125907897949
0 0.6276329888237847 0.2510969161987305 0.05742526584201389 0.021320438385009764
0 0.12575641208224828 0.20426401495933533 0.06646338568793403 0.0255987286567688
0 0.41661139594184027 0.6854922294616699 0.04889560275607639 0.02255878448486328
0 0.17933807373046876 0.35502893924713136 0.05700980292426215 0.0237760066986084
0 0.2109561496310764 0.3219896793365479 0.061053466796875 0.024608898162841796
0 0.5021730211046007 0.7690028190612793 0.041810099283854166 0.023943710327148437
0 0.854925537109375 0.8623504638671875 0.04939032660590278 0.027025985717773437
0 0.30390824211968315 0.018166624009609222 0.04894587198893229 0.030536285042762755
0 0.7280588785807292 0.6427765846252441 0.05973612467447917 0.019382667541503907
0 0.04493382771809896 0.589967155456543 0.05010562472873264 0.01862964630126953
0 0.11411387125651042 0.5412187576293945 0.07137298583984375 0.026363182067871093
0 0.7891778733995226 0.32946903705596925 0.05530971950954861 0.023558425903320312
0 0.775345696343316 0.2137369155883789 0.03741624620225695 0.017301082611083984
0 0.7470182630750868 0.7427249908447265 0.05888671875 0.023342132568359375
0 0.5443761189778645 0.8216300964355469 0.043921576605902776 0.020623207092285156
0 0.5657023111979167 0.8586257934570313 0.060927327473958334 0.02107391357421875
0 0.5787011888292101 0.6416354179382324 0.03560943603515625 0.022338294982910158
0 0.9261420355902777 0.1519773006439209 0.04582994249131944 0.01926417350769043
0 0.3143758985731337 0.6647042274475098 0.04663255479600695 0.018418598175048827
0 0.3395462883843316 0.24503762722015382 0.050202433268229166 0.022054767608642577
0 0.4371034410264757 0.41707539558410645 0.04850599500868055 0.01896247863769531
0 0.87470948961046 0.06302207559347153 0.03899620903862847 0.028751853108406066
0 0.6213920593261719 0.38870673179626464 0.05894656711154514 0.020304107666015626
0 0.7023695203993056 0.3914752960205078 0.048177083333333336 0.016579246520996092
0 0.4785669962565104 0.5153715133666992 0.05726081000434028 0.0218353271484375
0 0.8639372931586371 0.18037928342819215 0.04354824490017361 0.017415165901184082
0 0.8743343777126736 0.9129584312438965 0.035750325520833334 0.02935447692871094
0 0.2529186248779297 0.22179844379425048 0.06124157375759549 0.022363662719726562
0 0.1445432874891493 0.8029829025268554 0.03409932454427083 0.02807750701904297
0 0.610429212782118 0.024463145434856413 0.03498467339409722 0.0294487863779068
0 0.40791252983940973 0.5144356727600098 0.04649149576822917 0.0190887451171875
0 0.1109816657172309 0.657811450958252 0.05281219482421875 0.023848915100097658
0 0.1865555657280816 0.1872115135192871 0.06077185736762153 0.022206592559814452
0 0.15997577243381075 0.23812003135681153 0.048887379964192706 0.02537384033203125
0 0.8237530178493924 0.07674795389175415 0.06076694064670139 0.02384920120239258
0 0.8440617879231771 0.1155428171157837 0.055817328559027775 0.020550966262817383
0 0.5999895731608073 0.947024917602539 0.05091908772786458 0.022442626953125
0 0.9764164394802517 0.6644779682159424 0.04716712103949653 0.020131778717041016
0 0.25842878553602433 0.07911409735679627 0.04338785807291667 0.030572938919067382
0 0.21182327270507811 0.7616305351257324 0.042635599772135414 0.022967529296875
0 0.7740549723307292 0.7732598304748535 0.046772935655381945 0.02117328643798828
0 0.526082271999783 0.5429197311401367 0.04137844509548611 0.01595783233642578
0 0.6107150607638889 0.3099109649658203 0.05614098442925347 0.021622180938720703
0 0.07184812757703993 0.31293230056762694 0.04349890814887153 0.018816089630126952
0 0.6858129713270399 0.36267044544219973 0.05244428846571181 0.023402309417724608
0 0.3097174750434028 0.7464076995849609 0.046097479926215275 0.01686515808105469
0 0.5399970160590277 0.707722282409668 0.05500623914930555 0.017196083068847658
0 0.7934858534071181 0.9279831886291504 0.031275431315104164 0.024713516235351562
0 0.1042798360188802 0.042227649688720705 0.04698164198133681 0.020246720314025878
0 0.7132454766167535 0.6045706748962403 0.046675618489583334 0.021140289306640626
0 0.19569519890679254 0.5356747150421143 0.06048694186740451 0.021467876434326173
0 0.2514942593044705 0.15381311178207396 0.06284044053819444 0.020572686195373537
0 0.675447760687934 0.8406396865844726 0.06089002821180556 0.0189483642578125
0 0.5726289537217882 0.445403003692627 0.050287882486979164 0.018031883239746093
0 0.18624021742078994 0.4290116310119629 0.0633941650390625 0.02235698699951172
0 0.06283289591471354 0.6499475002288818 0.0515625 0.01697883605957031
0 0.48908894856770835 0.875111198425293 0.061290147569444446 0.02084007263183594
0 0.5648139105902777 0.4137930393218994 0.054873148600260414 0.01987142562866211
0 0.8732445610894097 0.8322881698608399 0.05346340603298611 0.019350624084472655
0 0.6533891465928819 0.09655866622924805 0.046267191569010414 0.01878948211669922
0 0.7251826816134983 0.7812990188598633 0.044057210286458336 0.01547708511352539
0 0.8693628099229601 0.6859557151794433 0.050469122992621525 0.019419288635253905
0 0.06944164699978299 0.07653161883354187 0.05793270534939236 0.018475449085235594
0 0.4761267768012153 0.016856763139367105 0.0447904798719618 0.023240774124860763
0 0.5466484917534722 0.4604990005493164 0.06695997450086806 0.02371692657470703
0 0.8044503106011285 0.565576171875 0.05598076714409722 0.022496604919433595
0 0.6348442925347222 0.35001068115234374 0.044150458441840276 0.028477191925048828
0 0.7631546868218316 0.8581323623657227 0.049723985460069446 0.01788330078125
0 0.4340618557400174 0.5538214683532715 0.05833028157552083 0.021172714233398438
0 0.06993798149956597 0.3368497371673584 0.04586249457465278 0.030100154876708984
0 0.8179539998372396 0.3753207683563232 0.042243109809027776 0.017427825927734376
0 0.17435980902777778 0.3988351345062256 0.06513960096571181 0.02366504669189453
0 0.36216871473524304 0.3122232913970947 0.05649074978298611 0.02125210762023926
0 0.07483927408854167 0.05554612278938294 0.057517157660590276 0.02057870626449585
0 0.5670257568359375 0.7835397720336914 0.04284905327690972 0.021291351318359374
0 0.5926501803927952 0.28171420097351074 0.055562337239583336 0.020760250091552735
0 0.20293248494466146 0.25621542930603025 0.057139756944444446 0.021352434158325197
0 0.7576517740885417 0.4181847095489502 0.050625779893663195 0.01815166473388672
0 0.3085021548800998 0.40335373878479003 0.057832590738932294 0.020053386688232422
0 0.30303912692599827 0.5607274532318115 0.07357720269097222 0.024356842041015625
0 0.2335357666015625 0.029339393973350524 0.031754387749565974 0.02417357563972473
0 0.508922831217448 0.044860038161277774 0.03668009440104167 0.02396906018257141
0 0.5884357028537326 0.5253346920013428 0.046722412109375 0.01584796905517578
0 0.7055959065755208 0.6569535732269287 0.05082126193576389 0.020332908630371092
0 0.9372887505425347 0.5214401721954346 0.05517171223958333 0.01606473922729492
0 0.17431250678168403 0.46806974411010743 0.05655593872070312 0.022810935974121094
0 0.5603045993381076 0.5505257606506347 0.0412261962890625 0.016173553466796876
0 0.13730121188693575 0.1290959596633911 0.04686974419487847 0.017300796508789063
0 0.3050254397922092 0.9297882080078125 0.0468277825249566 0.01537914276123047
0 0.2582815382215712 0.1807321786880493 0.036635504828559026 0.03135550022125244
0 0.26869451734754773 0.1334356188774109 0.0523024664984809 0.019455099105834962
0 0.3424321492513021 0.16510453224182128 0.05076073540581597 0.017971563339233398
0 0.2911548190646701 0.32208240032196045 0.04934878879123264 0.018929719924926758
0 0.6855958726671006 0.945279312133789 0.029688178168402777 0.026047134399414064
0 0.1937697516547309 0.07939338684082031 0.051824951171875 0.021273303031921386
0 0.04053141276041667 0.39247570037841795 0.06013115776909722 0.019593524932861327
0 0.5548835754394531 0.5330618858337403 0.04179263644748264 0.017268943786621093
0 0.30588501824273 0.1041596382856369 0.058651309543185766 0.027360349893569946
0 0.30503082275390625 0.07838802337646485 0.04115312364366319 0.028416752815246582
0 0.37267812093098956 0.7666772842407227 0.042791748046875 0.02067909240722656
0 0.20663087632921007 0.1701016068458557 0.07342478434244791 0.022416901588439942
0 0.7851550632052952 0.2580688714981079 0.06066860622829861 0.020737648010253906
0 0.9312739054361979 0.7689576148986816 0.04440951877170139 0.016205215454101564
0 0.5116330464680989 0.5807914733886719 0.040351019965277776 0.02626323699951172
0 0.4293250189887153 0.08683210015296935 0.05266079372829861 0.022438180446624757
0 0.7215115017361111 0.5354117393493653 0.0397705078125 0.019345760345458984
0 0.19296510484483506 0.09808196425437928 0.052527364095052084 0.018598568439483643
0 0.050797356499565974 0.6987597942352295 0.053559027777777775 0.01831064224243164
0 0.9451199001736111 0.7515657424926758 0.05346306694878472 0.019820976257324218
0 0.07529627482096354 0.6014751434326172 0.042524464925130206 0.017860794067382814
0 0.12316106160481771 0.5993571281433105 0.05852389865451389 0.01935443878173828
0 0.10991473727756076 0.14093464612960815 0.05451507568359375 0.018976402282714844
0 0.1620120578342014 0.0086238332092762 0.0374849107530382 0.0172476664185524
0 0.047064590454101565 0.4112081527709961 0.0539457533094618 0.019672298431396486
0 0.9816352844238281 0.15190482139587402 0.032288275824652775 0.023975515365600587
0 0.3131929185655382 0.5280111312866211 0.05472327338324653 0.023183059692382813
0 0.19467061360677082 0.6379049301147461 0.062218560112847224 0.02464141845703125
0 0.8060940212673611 0.703193473815918 0.0459197998046875 0.01620140075683594
0 0.8479115804036458 0.19538346529006959 0.05058458116319445 0.016255402565002443
0 0.823246086968316 0.7832747459411621 0.04279513888888889 0.012477493286132813
0 0.33249441782633465 0.1495930552482605 0.04408234490288628 0.019335222244262696
0 0.6089340209960937 0.4613037109375 0.05369754367404514 0.017038726806640626
0 0.8063952975802952 0.12165360450744629 0.041163804796006946 0.020433950424194335
0 0.23193944295247396 0.01086595058441162 0.03831888834635417 0.021654295921325683
0 0.38296178181966145 0.6973673820495605 0.02586432562934028 0.026055335998535156
0 0.6441011216905382 0.8534860610961914 0.046578470865885416 0.017477798461914062
0 0.8153469509548611 0.2044297695159912 0.05137990315755208 0.01677107810974121
0 0.04596065945095486 0.5472345352172852 0.04896494547526042 0.017977523803710937
0 0.6739249335394966 0.40512876510620116 0.05062255859375 0.018221473693847655
0 0.9185270521375868 0.6662544250488281 0.034077623155381945 0.015049171447753907
0 0.6518413967556423 0.43488130569458006 0.05975748697916667 0.016923236846923827
0 0.0443831549750434 0.6658933639526368 0.053967454698350695 0.01732921600341797
0 0.907947031656901 0.6389110565185547 0.05610894097222222 0.017969608306884766
0 0.10443526373969184 0.5159682273864746 0.05692240397135417 0.022272491455078126
0 0.26238700018988714 0.03331995606422424 0.03359459771050347 0.02655673623085022
0 0.8517196655273438 0.5685058116912842 0.04010145399305556 0.020699691772460938
0 0.817305416531033 0.007646123319864273 0.04989640977647569 0.01523430198431015
0 0.6258692423502604 0.8160655975341797 0.03370039198133681 0.017308807373046874
0 0.5408782958984375 0.8763591766357421 0.04629635281032986 0.021342086791992187
0 0.45205841064453123 0.713690185546875 0.03909335666232639 0.015900802612304688
0 0.13923907809787325 0.4791086673736572 0.06599511040581597 0.021299362182617188
0 0.6685367160373263 0.31222536563873293 0.04006161159939236 0.017271995544433594
0 0.5763276841905381 0.3226490020751953 0.05567220052083333 0.016317176818847656
0 0.18694555494520398 0.14880099296569824 0.04584130181206597 0.020778417587280273
0 0.5882722642686632 0.9259617805480957 0.02577277289496528 0.02484264373779297
0 0.4484781901041667 0.4564072608947754 0.05055033365885417 0.016831016540527342
0 0.5691817389594184 0.006124556064605713 0.04416436089409722 0.012249112129211426
0 0.8941104465060764 0.6292972564697266 0.06736857096354167 0.02757129669189453
0 0.4522145589192708 0.37574520111083987 0.04893731011284722 0.01680450439453125
0 0.26551297505696614 0.011097406595945358 0.03744176228841146 0.02173549085855484
0 0.8772571139865452 0.3657300233840942 0.05328487820095486 0.0175076961517334
0 0.6582573784722222 0.937781810760498 0.02791103786892361 0.03086566925048828
0 0.16117511325412326 0.4997081756591797 0.045765516493055554 0.01880655288696289
0 0.013926612006293403 0.596153450012207 0.025743526882595485 0.022232818603515624
0 0.15709609985351564 0.587473201751709 0.051160769992404515 0.016981887817382812
0 0.3705150180392795 0.09256747364997864 0.049864874945746526 0.02123452425003052
0 0.1239729987250434 0.25488967895507814 0.06860775417751735 0.021904373168945314
0 0.7677456325954861 0.6235743045806885 0.028023274739583333 0.02290201187133789
0 0.6424609714084202 0.37181715965270995 0.03670552571614583 0.019260120391845704
0 0.5784364488389757 0.1962934613227844 0.04259270562065972 0.01631295680999756
0 0.8030978732638889 0.05675248503684997 0.047640482584635414 0.01630479097366333
0 0.6287380642361111 0.17405543327331544 0.052327473958333336 0.016690158843994142
0 0.1789109124077691 0.6522821426391602 0.041190083821614584 0.016551780700683593
0 0.41409556070963544 0.004344458505511284 0.032557847764756946 0.008440441638231277
0 0.10604400634765625 0.49670934677124023 0.05926513671875 0.01862201690673828
0 0.1096146477593316 0.26380488872528074 0.06464470757378472 0.019254302978515624
0 0.6339669969346788 0.4480229377746582 0.04354366726345486 0.01997404098510742
0 0.15423592461480035 0.6647575378417969 0.03977203369140625 0.0152435302734375
0 0.06399345397949219 0.293609094619751 0.056585269504123265 0.02375030517578125
0 0.5663763258192275 0.3554716110229492 0.03873799641927083 0.01970539093017578
