0 0.7252583821614583 0.7898401737213134 0.10667215983072917 0.09630365371704101
0 0.8128952026367188 0.12239070236682892 0.09658677842881945 0.07021216750144958
0 0.34956224229600696 0.9068730354309082 0.10216420491536458 0.08298263549804688
0 0.8673287285698785 0.7414584159851074 0.09342515733506944 0.06947956085205079
0 0.35779444376627606 0.47557501792907714 0.10806528727213542 0.05213499069213867
0 0.12217619154188368 0.20306940674781798 0.10348968505859375 0.08727883100509644
0 0.0938568115234375 0.600361442565918 0.14588241577148436 0.05062389373779297
0 0.3288324991861979 0.3652641296386719 0.09241383870442708 0.07630462646484375
0 0.3279796176486545 0.28123979568481444 0.09418690999348958 0.07649717330932618
0 0.388262939453125 0.05733862519264221 0.0942196316189236 0.07263458967208862
0 0.048081122504340275 0.4813072204589844 0.09549992879231771 0.05337667465209961
0 0.872847154405382 0.6772665023803711 0.09097764756944444 0.07816953659057617
0 0.4351086934407552 0.20237902998924256 0.09946712917751736 0.09384375810623169
0 0.08500450981987848 0.4469390869140625 0.14601830376519098 0.04731941223144531
0 0.80450439453125 0.33713626861572266 0.10445624457465277 0.051143741607666014
0 0.30032942030164933 0.03607076406478882 0.10847032335069444 0.07214152812957764
0 0.10303421020507812 0.03533196449279785 0.13853302001953124 0.06760499477386475
0 0.78828125 0.5619926452636719 0.08618672688802083 0.06149425506591797
0 0.5677974277072483 0.779296588897705 0.14048987494574652 0.05701885223388672
0 0.2999344719780816 0.9512981414794922 0.09218224419487847 0.06286239624023438
0 0.20971993340386286 0.016312649846076964 0.1301939222547743 0.03262529969215393
0 0.6280893961588542 0.4014678955078125 0.05665401882595486 0.04342374801635742
0 0.729144795735677 0.4099526882171631 0.153564453125 0.06977176666259766
0 0.6037432352701823 0.036407434940338136 0.08744455973307291 0.06380655765533447
0 0.09243342081705729 0.5251043796539306 0.12615458170572916 0.046091747283935544
0 0.6325868394639756 0.8090278625488281 0.07228563096788194 0.051794242858886716
0 0.22082447475857206 0.4463669776916504 0.13208219740125868 0.04845733642578125
0 0.1552430894639757 0.5584166526794434 0.09852167765299479 0.07133235931396484
