0 0.06709348890516494 0.03565642535686493 0.13384941948784723 0.07131285071372986
0 0.13133154975043404 0.30885024070739747 0.11938696967230902 0.0635075569152832
0 0.44884474012586806 0.6164308547973633 0.09737108018663194 0.06953487396240235
0 0.06185722351074219 0.7716883659362793 0.11975504557291666 0.06402320861816406
0 0.9318927341037326 0.19970223903656006 0.08676520453559028 0.07481203079223633
0 0.8219056871202257 0.5551675319671631 0.10519849989149306 0.05559759140014649
0 0.7424307081434461 0.2552266359329224 0.10404188368055556 0.05069622993469238
0 0.49819369845920136 0.3206449031829834 0.10744272867838542 0.04755668640136719
0 0.2381222618950738 0.8150418281555176 0.09894502427842881 0.052138137817382815
0 0.6454237196180556 0.6273279190063477 0.1110805935329861 0.05241947174072266
0 0.5230538262261285 0.5703102111816406 0.08525187174479167 0.06754379272460938
0 0.2959151373969184 0.5822354316711426 0.15706159803602432 0.06308231353759766
0 0.5151553683810763 0.04033330380916596 0.12283833821614583 0.05572109818458557
0 0.22144728766547309 0.11371600329875946 0.10583826700846354 0.048738342523574826
0 0.6655546400282119 0.10976812839508057 0.11751607259114584 0.06311974525451661
0 0.07358962164984809 0.868585205078125 0.12016406589084201 0.04825592041015625
0 0.7769376118977864 0.6131516456604004 0.14621971978081597 0.07216644287109375
0 0.3990261501736111 0.9530751228332519 0.10503879123263889 0.047115516662597653
0 0.2912505255805122 0.8842012405395507 0.14326866997612847 0.070367431640625
0 0.6601554022894965 0.7094136238098144 0.07462836371527778 0.05657835006713867
0 0.6832572089301215 0.5567355155944824 0.14748060438368055 0.0490631103515625
0 0.7813890245225694 0.9680837631225586 0.0697784423828125 0.0548797607421875
0 0.5626919216579861 0.948026180267334 0.0982940673828125 0.058347320556640624
0 0.33780517578125 0.8384030342102051 0.12276814778645834 0.05051422119140625
0 0.14901597764756944 0.944430923461914 0.12862362331814237 0.0634613037109375
0 0.2482775370279948 0.7069238662719727 0.08328484429253472 0.04781398773193359
0 0.4281851874457465 0.8056197166442871 0.12649603949652777 0.040844154357910153
0 0.728367190890842 0.7197880744934082 0.106231689453125 0.06672401428222656
0 0.09452056884765625 0.11248583793640136 0.09328197903103298 0.06180620193481445
0 0.140377934773763 0.15931665897369385 0.10210791693793403 0.06366138458251953
0 0.5144785563151042 0.10445422828197479 0.14527825249565973 0.06308074593544007
0 0.9162022908528645 0.9121358871459961 0.09442715115017361 0.06828804016113281
0 0.01896845499674479 0.5377118110656738 0.03793690999348958 0.053131103515625
0 0.8459972805447049 0.19706213474273682 0.09394073486328125 0.06806178092956543
0 0.5843410915798611 0.4011213302612305 0.11523793538411459 0.048766136169433594
0 0.583799065483941 0.7235517501831055 0.06495530870225695 0.057605838775634764
0 0.8463157653808594 0.7258242607116699 0.08813900417751735 0.06960458755493164
0 0.6190038045247396 0.021813680231571198 0.07098320855034722 0.04353655278682709
0 0.7576894124348958 0.8838025093078613 0.1270989312065972 0.06857242584228515
0 0.2536786397298177 0.4659843444824219 0.08812408447265625 0.059053802490234376
0 0.8548809475368924 0.9786483764648437 0.09047071668836805 0.0427032470703125
0 0.7015921698676215 0.029750078916549683 0.07630716959635417 0.059500157833099365
0 0.9673994276258681 0.0266417920589447 0.06416151258680555 0.05273560285568237
0 0.5331475151909723 0.6945140361785889 0.06896837022569445 0.06946640014648438
0 0.2947567409939236 0.40002150535583497 0.0952239990234375 0.07606134414672852
0 0.859867180718316 0.7960169315338135 0.08830973307291666 0.08316068649291992
0 0.31564903259277344 0.29067986011505126 0.0850235833062066 0.03730697631835937
0 0.18512903849283854 0.8752269744873047 0.06194568210177952 0.0632293701171875
0 0.935433112250434 0.5328392028808594 0.11965264214409722 0.05675020217895508
0 0.43186543782552084 0.8549531936645508 0.0688629150390625 0.044824981689453126
0 0.9482657538519965 0.8118279457092286 0.10267842610677083 0.04898262023925781
0 0.896686299641927 0.8606729507446289 0.0923797607421875 0.05785026550292969
0 0.4746281941731771 0.9789780616760254 0.09608713785807292 0.042043876647949216
0 0.7562822129991319 0.3417470455169678 0.10232035319010417 0.0474238395690918
0 0.8543267144097222 0.9355106353759766 0.09138251410590278 0.057117462158203125
0 0.5355283949110243 0.6358911037445069 0.08985120985243056 0.04857368469238281
0 0.7970711602105035 0.40470523834228517 0.11117757161458333 0.08666906356811524
0 0.734094746907552 0.9844907760620117 0.07839830186631945 0.02974853515625
0 0.015472963121202258 0.21070523262023927 0.027514733208550347 0.07020807266235352
0 0.9438993665907118 0.46119394302368166 0.11161024305555556 0.07812328338623047
0 0.01620084974500868 0.9035774230957031 0.03086734347873264 0.03311138153076172
0 0.7397119341563784 0.4502314814814815 0.07613168724279831 0.05902777777777774
0 0.7911522633744854 0.48900462962962965 0.2037037037037035 0.06481481481481483
