0 0.33152067396375867 0.44126029014587403 0.08872748480902778 0.053395652770996095
0 0.4883667839898003 0.024914425611495972 0.09827050103081597 0.038039219379425046
0 0.9304805331759982 0.7285550117492676 0.060831705729166664 0.04253082275390625
0 0.4001636081271701 0.44402599334716797 0.05272250705295139 0.034942626953125
0 0.9630940755208334 0.5746055126190186 0.07381184895833333 0.03859701156616211
0 0.8956591288248698 0.5599928855895996 0.07628529866536458 0.034090614318847655
0 0.6884811401367188 0.7159553527832031 0.0796417236328125 0.028013038635253906
0 0.4979768541124132 0.9256631851196289 0.08556569417317708 0.036606216430664064
0 0.24820103115505643 0.4751614570617676 0.06100404527452257 0.047379684448242185
0 0.8109127468532986 0.6219639778137207 0.08445485432942708 0.027087974548339843
0 0.6308375040690104 0.22496066093444825 0.06762627495659722 0.049990272521972655
0 0.9554185655381945 0.6238637924194336 0.08916286892361111 0.042335796356201175
0 0.5701759338378907 0.08453918695449829 0.07656707763671874 0.050078511238098145
0 0.3591662936740451 0.6198265075683593 0.08014272054036459 0.027906227111816406
0 0.8513263278537326 0.4348210334777832 0.07358500162760416 0.030126953125
0 0.22744485831555017 0.19710163452007148 0.08832015991210937 0.032880064293190285
0 0.585046895345052 0.7075141906738281 0.0838653564453125 0.031541633605957034
0 0.7206570095486111 0.5632202625274658 0.08395368787977431 0.028099250793457032
0 0.08283343844943576 0.49794712066650393 0.0632781982421875 0.055042266845703125
0 0.32470186021592884 0.8904790878295898 0.07902882893880209 0.04799976348876953
0 0.39451378716362845 0.6679952621459961 0.07151319715711806 0.026437759399414062
0 0.9216078016493056 0.4432536125183105 0.07708095974392361 0.026407241821289062
0 0.6972589280870226 0.6457639217376709 0.08148091634114583 0.025461101531982423
0 0.3534944110446506 0.7026863098144531 0.11405949062771267 0.044561004638671874
0 0.25499555799696183 0.523785924911499 0.07664862738715278 0.04717264175415039
0 0.7644521077473958 0.691901445388794 0.07972208658854167 0.029024696350097655
0 0.13018468221028645 0.5142845630645752 0.08600599500868056 0.032282257080078126
0 0.4730782402886285 0.43981246948242186 0.08610738118489583 0.034568405151367186
0 0.9448676215277778 0.02146908938884735 0.073876953125 0.0429381787776947
0 0.8055825127495659 0.718741512298584 0.076361083984375 0.02827939987182617
0 0.051379818386501734 0.7397537231445312 0.05784979926215278 0.024113178253173828
0 0.9798020680745443 0.7239888191223145 0.040395863850911456 0.03362741470336914
0 0.8669498019748264 0.7309917449951172 0.06772054036458333 0.040064239501953126
0 0.6782378302680121 0.5974030494689941 0.048964606391059026 0.03890447616577149
0 0.45188446044921876 0.2323305606842041 0.06349826388888889 0.02386608123779297
0 0.9632880220646177 0.1040059840425532 0.07157210401891276 0.03469636524822691
