0 0.6841428968641493 0.17381885051727294 0.09339260525173611 0.06366629600524902
0 0.4732874552408854 0.14435944557189942 0.10834859212239584 0.04842729568481445
0 0.15669551425509984 0.5397004127502442 0.13082673814561632 0.05684356689453125
0 0.13706885443793404 0.7004395961761475 0.09503139919704862 0.06670417785644531
0 0.04579895867241753 0.5468972682952881 0.08836932712131076 0.06160917282104492
0 0.9392003377278646 0.2697520971298218 0.10477803548177084 0.06798195838928223
0 0.8160797119140625 0.876553726196289 0.11214565700954861 0.055922317504882815
0 0.3392004860772027 0.8098516464233398 0.11056454976399739 0.06896419525146484
0 0.5867764790852864 0.9606792449951171 0.08200734456380208 0.07540378570556641
0 0.398826175265842 0.8388818740844727 0.1095916748046875 0.08447151184082032
0 0.14322840372721354 0.9496864318847656 0.09456397162543403 0.04119110107421875
0 0.49182646009657116 0.8082509994506836 0.09239603678385416 0.05052623748779297
0 0.4087281968858507 0.9379673957824707 0.07301364474826388 0.040121841430664065
0 0.5071345011393229 0.9818882942199707 0.07374335394965278 0.03614864349365234
0 0.4379937065972222 0.8898665428161621 0.060904608832465276 0.043419265747070314
0 0.8779932657877604 0.4340984344482422 0.06450415717230903 0.05759449005126953
0 0.735371568467882 0.9540157318115234 0.07466956244574653 0.05725040435791016
0 0.42954779730902776 0.9865615844726563 0.07507493760850695 0.026621246337890626
