0 0.28712115817599826 0.7870650291442871 0.08310038248697917 0.03906593322753906
0 0.6913307189941407 0.17858498096466063 0.08577355278862847 0.03855509757995605
0 0.5986299302842882 0.031153655052185057 0.055069647894965275 0.04914696216583252
0 0.5495334201388888 0.509535264968872 0.059706624348958334 0.02290630340576172
0 0.5265028211805556 0.32624106407165526 0.07598639594184028 0.02821946144104004
0 0.44079937405056424 0.19748413562774658 0.07815755208333333 0.03432068824768066
0 0.563792249891493 0.1534190893173218 0.04370914035373264 0.03987951278686523
0 0.6793660481770833 0.9703842163085937 0.09296976725260417 0.04013881683349609
0 0.802323235405816 0.9476969718933106 0.09459296332465278 0.032946205139160155
0 0.5025911119249132 0.8410208702087403 0.06009911431206597 0.04840641021728516
0 0.3907768249511719 0.7977555274963379 0.05549197726779514 0.04734344482421875
0 0.463509284125434 0.662027645111084 0.07170817057291666 0.04302234649658203
0 0.9512549506293403 0.31869347095489503 0.09419352213541667 0.05637869834899902
0 0.21703067355685765 0.9457271575927735 0.07153422037760417 0.03941917419433594
0 0.6836195203993055 0.5736463069915771 0.07625003390842014 0.03010272979736328
0 0.20775396558973525 0.45653276443481444 0.06459647284613715 0.05324363708496094
0 0.9275811089409722 0.5958765983581543 0.09059414333767361 0.032537078857421874
0 0.8597751193576388 0.7509004592895507 0.06375766330295139 0.05039653778076172
0 0.5908968607584636 0.6095812797546387 0.05683678521050347 0.04542417526245117
0 0.5520987616644966 0.10459687709808349 0.053847588433159725 0.03749260902404785
0 0.3191984388563368 0.8624176025390625 0.05615386962890625 0.050103759765625
0 0.8616466946072049 0.0828298270702362 0.06484578450520834 0.03132830858230591
0 0.17471288045247396 0.5744837760925293 0.062108018663194445 0.04485921859741211
0 0.7073237101236979 0.6331740379333496 0.05856289333767361 0.030097198486328126
0 0.7531007554796006 0.7216579437255859 0.07764994303385417 0.06633758544921875
0 0.9524944729275173 0.10992711782455444 0.08535698784722222 0.05350260734558106
0 0.8289905971950955 0.8850522994995117 0.0711246066623264 0.037841415405273436
0 0.7114734225802951 0.48491802215576174 0.08962266710069444 0.03832807540893555
0 0.5309015909830729 0.3962151050567627 0.057963731553819446 0.034026145935058594
0 0.36481416490342883 0.6721189022064209 0.09320000542534722 0.04184513092041016
0 0.16067220899793838 0.7169703483581543 0.06725285847981771 0.036921119689941405
0 0.6774979485405817 0.6656924247741699 0.09283413357204862 0.03968620300292969
0 0.9313824971516927 0.14981048107147216 0.0555755615234375 0.03152408599853516
0 0.22184395966706452 0.25677161583533653 0.04705282140661169 0.042389385516826944
0 0.2103421105278863 0.5122209548950195 0.057722981770833334 0.039783668518066403
0 0.14458101060655382 0.47423501014709474 0.08320583767361112 0.04288568496704102
0 0.8813435872395833 0.510367488861084 0.08571183946397569 0.03388710021972656
0 0.24739511277940537 0.7321483612060546 0.06389643351236979 0.026209449768066405
0 0.749601067437066 0.9642807006835937 0.05499233669704861 0.04339866638183594
0 0.9625457339816623 0.014033675193786621 0.07490853203667534 0.028067350387573242
0 0.5593448215060763 0.45172557830810545 0.0755462646484375 0.048990821838378905
0 0.8553207397460938 0.9295291900634766 0.09051242404513889 0.03390769958496094
0 0.7880013359917535 0.04344987273216248 0.08080817328559028 0.029462373256683348
0 0.021488613552517362 0.3760978698730469 0.038607618543836805 0.029917478561401367
0 0.644686041937934 0.6984664916992187 0.06777479383680556 0.026827144622802734
0 0.26782124837239585 0.5175946235656739 0.03899519178602431 0.027147483825683594
0 0.3098290598290598 0.5244391025641025 0.04772079772079773 0.03846153846153844
0 0.6673789173789173 0.9423076923076922 0.08903133903133906 0.031249999999999882
