0 0.883042738172743 0.6548242568969727 0.11502685546875 0.05480613708496094
0 0.6603256225585937 0.2298058032989502 0.09524943033854166 0.05160222053527832
0 0.8727081298828125 0.19437564611434938 0.11190388997395834 0.05323283672332764
0 0.5753526475694445 0.10519715547561645 0.0959442138671875 0.058379507064819335
0 0.6000818888346354 0.262978196144104 0.11331854926215278 0.05707864761352539
0 0.18303053114149306 0.26877079010009763 0.12783372667100695 0.05086884498596191
0 0.42678239610460067 0.340744161605835 0.10961507161458334 0.07275218963623047
0 0.4340577867296007 0.09650645256042481 0.10711296929253472 0.04099175930023193
0 0.8727544148763021 0.13324032127857208 0.0842929416232639 0.07603620886802673
0 0.0721927218967014 0.4585995674133301 0.08094058566623263 0.053897666931152347
0 0.1373581780327691 0.07362578511238098 0.09829737345377604 0.04089113473892212
0 0.046008470323350696 0.8923784255981445 0.08959214952256944 0.04899101257324219
0 0.18642807006835938 0.11268690824508668 0.08408084445529514 0.038640522956848146
0 0.2855021158854167 0.11842239201068878 0.08757815890842013 0.0685520589351654
0 0.16955303615993925 0.40297489166259765 0.09436272515190972 0.040572834014892575
0 0.18799667358398436 0.955906867980957 0.1169492933485243 0.04681053161621094
0 0.4467931111653646 0.635768461227417 0.13099433051215278 0.04913949966430664
0 0.8731274074978299 0.24096040725708007 0.09918111165364583 0.03887338638305664
0 0.05776621500651042 0.7433428764343262 0.07331390380859375 0.05513153076171875
0 0.7474233839246962 0.1821615219116211 0.11502159966362847 0.06825065612792969
0 0.5571302625868055 0.8769092559814453 0.09438374837239584 0.055440521240234374
0 0.08732583787706164 0.15173343420028687 0.09776992797851562 0.05272319316864014
0 0.0772064208984375 0.9415079116821289 0.12835981580946182 0.05455360412597656
0 0.7669672648111979 0.657175350189209 0.08331570095486111 0.05788431167602539
0 0.27730127970377605 0.577866792678833 0.10115475124782985 0.04442052841186524
0 0.12625397576226127 0.4416679382324219 0.08424674140082465 0.04749317169189453
0 0.16368094550238715 0.5237924575805664 0.12864998711480036 0.04920110702514648
0 0.055585119459364146 0.40429259538650514 0.11117023891872829 0.04491803646087646
0 0.37895999484592013 0.24801249504089357 0.150579833984375 0.050543689727783205
0 0.3362354702419705 0.3041077613830566 0.095001220703125 0.08197669982910157
0 0.8262134975857205 0.8943023681640625 0.15628492567274305 0.0456268310546875
0 0.14429677327473958 0.7485177040100097 0.10905643039279514 0.041840744018554685
0 0.96302736070421 0.5623434543609619 0.05798831515842014 0.049987506866455075
0 0.5228322158625096 0.39329687577706796 0.1320841848114391 0.05947106326067893
0 0.5926157633463541 0.20649251937866211 0.0820526123046875 0.05632915496826172
0 0.5624052259657119 0.9417190551757812 0.13955179850260416 0.05228366851806641
0 0.49889517890082463 0.46509079933166503 0.09572974310980903 0.04887228012084961
0 0.9391121758355034 0.514401912689209 0.10913899739583334 0.046269798278808595
0 0.23997951083713107 0.4377591133117676 0.11208504570855035 0.04559459686279297
0 0.021128082275390626 0.6349075317382813 0.04171379937065972 0.05129575729370117
0 0.5168403625488281 0.2087642252445221 0.09240366617838541 0.04151991605758667
0 0.9483639187282986 0.7131299018859864 0.09453057183159722 0.04754791259765625
0 0.024971093071831596 0.4752627372741699 0.049156867133246525 0.05146236419677734
0 0.8755323621961806 0.3275676488876343 0.1005126953125 0.03941354751586914
0 0.5133989122178819 0.25031428337097167 0.08961927625868056 0.04488935470581055
0 0.6708558824327256 0.28877313137054444 0.11816474066840278 0.06168618202209473
0 0.062489954630533855 0.9841566562652588 0.11863106621636285 0.03168668746948242
0 0.5438785129123264 0.3441746234893799 0.10433247884114584 0.04691052436828613
0 0.4053734830377523 0.4382580139018871 0.09460282816317818 0.03508084261858902
0 0.028227064344618056 0.28912436962127686 0.05306379530164931 0.0362586498260498
0 0.9800636291503906 0.7395964622497558 0.039044189453125 0.042284393310546876
0 0.4935672336154514 0.1318056106567383 0.06593119303385417 0.052974152565002444
0 0.023586781819661458 0.187466824054718 0.043568589952256945 0.06179244518280029
0 0.3165713840060764 0.8361936569213867 0.14123043484157985 0.04981861114501953
0 0.08202311197916666 0.226554012298584 0.06581030951605903 0.02748260498046875
0 0.8248135036892361 0.6942862033843994 0.10908237033420139 0.04178495407104492
0 0.4915123833550347 0.17725207805633544 0.14151170518663195 0.04306581020355225
0 0.7143022325303819 0.8544834136962891 0.09202677408854167 0.04432487487792969
0 0.5224244859483507 0.6685859203338623 0.11332872178819445 0.0609166145324707
0 0.03296178181966146 0.23582811355590821 0.06412014431423611 0.04363260269165039
0 0.6863168504503038 0.7142657279968262 0.07828199598524306 0.029948902130126954
0 0.9787036471896702 0.22715139389038086 0.037766520182291666 0.05293903350830078
0 0.8368096245659722 0.8415303230285645 0.09068162706163195 0.060049819946289065
0 0.30645099216037325 0.7596114158630372 0.09737701416015625 0.038552284240722656
0 0.8952946980794271 0.8119638442993165 0.09037407769097222 0.06087799072265625
0 0.8130342271592882 0.5498557090759277 0.04701944986979167 0.036870288848876956
0 0.02169774373372396 0.42985196113586427 0.04178093804253472 0.03299264907836914
0 0.38994581434461806 0.19208755493164062 0.12350107828776041 0.080421781539917
0 0.018524593777126737 0.13980106115341187 0.03479241265190972 0.04135649204254151
