0 0.44728156195746527 0.15400981903076172 0.1838904486762153 0.08506464958190918
0 0.4899259779188368 0.39857921600341795 0.14320271809895832 0.08370895385742187
0 0.08071679009331598 0.1651500940322876 0.15498267279730904 0.08186459541320801
0 0.15363345675998263 0.9399124145507812 0.11146731906467014 0.06945610046386719
0 0.1749476538764106 0.22590968608856202 0.11501964992947049 0.08086161613464356
0 0.6361044141981337 0.04977559149265289 0.15631188286675346 0.09955118298530578
0 0.8187162611219618 0.3324615001678467 0.12285834418402777 0.07559714317321778
0 0.6186106363932292 0.9661266326904296 0.08816324869791667 0.06553459167480469
0 0.5540376451280382 0.19352343082427978 0.12582465277777777 0.06824169158935547
0 0.5454277886284722 0.5240311622619629 0.129425048828125 0.05922203063964844
0 0.933642578125 0.9137168884277344 0.09842427571614583 0.09977989196777344
0 0.8512954711914062 0.07397087961435318 0.09846767849392361 0.05470242202281952
0 0.9419231838650174 0.334256649017334 0.11472388373480903 0.05728569030761719
0 0.8071526421440972 0.13291466236114502 0.1249360826280382 0.0600832462310791
0 0.8847486707899306 0.5389317512512207 0.10102386474609375 0.041962814331054685
0 0.11771435207790798 0.4417289733886719 0.14846259223090277 0.059279251098632815
0 0.8439870198567708 0.40424251556396484 0.07660675048828125 0.07739772796630859
0 0.26720123291015624 0.0767981231212616 0.1368257310655382 0.07653051614761353
0 0.7664042154947917 0.023711246252059937 0.12144588894314236 0.047105956077575686
0 0.8122689141167535 0.5803159713745117 0.12627699110243057 0.056467628479003905
0 0.2459749009874132 0.3608050584793091 0.11782887776692709 0.07386889457702636
0 0.6976577758789062 0.5632246971130371 0.11658036973741319 0.052532958984375
0 0.7337860107421875 0.9609373092651368 0.12615424262152777 0.07812538146972656
0 0.7701410929361979 0.759865665435791 0.15713399251302082 0.04996166229248047
0 0.9485892401801215 0.026894739270210265 0.09310896131727431 0.05372137427330017
0 0.14401202731662327 0.5895286560058594 0.11027882893880209 0.08535203933715821
0 0.4526523166232639 0.977640438079834 0.11977471245659722 0.04465923309326172
0 0.8724443223741319 0.19712928533554078 0.150537109375 0.09788053035736084
0 0.4214111328125 0.5315920829772949 0.13916252983940972 0.060140800476074216
0 0.7711968315972222 0.5094573974609375 0.14956563313802082 0.09700164794921876
0 0.30542322794596355 0.16130681037902833 0.12401292588975694 0.11261539459228516
0 0.899061754014757 0.48231983184814453 0.14110344780815973 0.09303874969482422
0 0.19641219245062935 0.5546066284179687 0.10168685913085937 0.06599493026733398
0 0.7010080125596788 0.9043556213378906 0.11601647271050347 0.058345985412597653
0 0.7885566711425781 0.427328884601593 0.09556172688802084 0.06208951473236084
0 0.7135083516438802 0.7994490623474121 0.08547278510199653 0.058686256408691406
0 0.2490981207953559 0.8982475280761719 0.13696577284071182 0.07361297607421875
0 0.3521033604939779 0.3123054504394531 0.14506221347384982 0.06695270538330078
0 0.35245776706271703 0.6990633964538574 0.09309607611762152 0.095843505859375
0 0.7826376173231336 0.2355803906917572 0.0933380126953125 0.10203076601028442
0 0.43890499538845484 0.07421894073486328 0.1046600341796875 0.0791086196899414
0 0.3061066097683377 0.2467829704284668 0.16966120402018228 0.05591859817504883
0 0.9506619771321615 0.8496368408203125 0.09073062472873264 0.053021240234375
0 0.6096410115559896 0.4777729034423828 0.13779059516059028 0.05440540313720703
0 0.8459540473090278 0.8832341194152832 0.10258653428819445 0.0737234115600586
0 0.17029105292426217 0.6586848735809326 0.10685356987847222 0.06943902969360352
0 0.8736189100477431 0.8209089279174805 0.14259168836805555 0.08852615356445312
0 0.8047216627332899 0.6259536266326904 0.1268437703450521 0.03922824859619141
