0 0.6951369285583496 0.8942503187391493 0.04116134643554688 0.08994174533420139
0 0.6401938438415528 0.7501064724392361 0.056486320495605466 0.10823940700954861
0 0.13111450672149658 0.634515889485677 0.05494346618652344 0.08249613444010416
0 0.3927527666091919 0.08139355977376302 0.04946036338806152 0.07598470052083334
0 0.14188768863677978 0.8330415513780381 0.03900933265686035 0.10263841417100694
0 0.06703630834817886 0.6544267442491319 0.0423382967710495 0.05441623263888889
0 0.8656994819641113 0.2139364030626085 0.05222015380859375 0.05703854031032986
0 0.05975058078765869 0.923405032687717 0.05619897842407227 0.09568057590060763
0 0.32514171600341796 0.4105550977918837 0.04634256362915039 0.0777191162109375
0 0.7810317993164062 0.18155640496148004 0.04411334991455078 0.05325707329644097
0 0.2117255687713623 0.251822747124566 0.03838706016540527 0.08021935356987847
0 0.6862833023071289 0.1774791293674045 0.039459609985351564 0.09241553412543403
0 0.5869194030761719 0.7435526529947917 0.05037841796875 0.08093685574001735
0 0.5055914878845215 0.3231133143107096 0.037177658081054686 0.084306886461046
0 0.16171271800994874 0.09630152384440104 0.03662042617797852 0.0817442152235243
0 0.5580908775329589 0.6714358859592013 0.043623924255371094 0.10950419108072916
0 0.11520712673664094 0.19375025431315104 0.044444459676742556 0.06666615804036459
0 0.6815064430236817 0.7868352254231771 0.035718345642089845 0.06863945855034723
0 0.026273839920759202 0.9573255750868056 0.048917044699192044 0.07727881537543403
0 0.023117466270923613 0.7748930189344618 0.04531362354755401 0.07685479058159722
0 0.03814264833927154 0.7263927883572049 0.05436357855796814 0.06275583902994791
0 0.7569869041442872 0.21861385769314237 0.04453601837158203 0.057400682237413195
0 0.514899492263794 0.6088300916883681 0.0416778564453125 0.07415974934895833
0 0.2577150821685791 0.7625988430447048 0.04048542976379395 0.07121751573350694
0 0.17189362049102783 0.6833397759331598 0.026317691802978514 0.08204922146267361
