0 0.37789154052734375 0.566104793548584 0.08286573621961806 0.06316032409667968
0 0.8806902567545573 0.6936150074005127 0.10255686442057292 0.04132022857666016
0 0.760666995578342 0.6430221557617187 0.0895567152235243 0.06936426162719726
0 0.5317511664496528 0.8552324295043945 0.08583340115017361 0.06754951477050782
0 0.1666854010687934 0.7253965854644775 0.11343866984049479 0.05155115127563477
0 0.5736785888671875 0.9034330368041992 0.08001471625434028 0.06405220031738282
0 0.2848668416341146 0.7467156410217285 0.063043212890625 0.06170854568481445
0 0.25204264322916664 0.5611245632171631 0.06673126220703125 0.037525272369384764
0 0.4658842298719618 0.8837281227111816 0.057724677191840275 0.058067703247070314
0 0.0352158440483941 0.695960283279419 0.06734466552734375 0.04486083984375
0 0.5321310255262587 0.7139991760253906 0.07658250596788195 0.04889202117919922
0 0.4021723429361979 0.8876642227172852 0.07339511447482638 0.038854217529296874
0 0.9486090766059028 0.11741640865802765 0.09426303439670139 0.03767375349998474
0 0.9311589558919271 0.245827054977417 0.09080098470052084 0.03148698806762695
0 0.8990823533799913 0.7698033332824707 0.09520704481336806 0.037439155578613284
0 0.9450824313693577 0.07729913592338562 0.10910000271267362 0.050025761127471924
0 0.7733766343858507 0.9306938171386718 0.08863525390625 0.03486785888671875
0 0.9317642211914062 0.17340835332870483 0.07461785210503472 0.051871848106384275
0 0.35362608167860243 0.020632582902908325 0.0849884033203125 0.039930880069732666
0 0.5526423136393229 0.514378547668457 0.06554633246527777 0.051213836669921874
0 0.9612314860026042 0.6653456687927246 0.05870225694444445 0.04687061309814453
0 0.08062650892469618 0.2044262170791626 0.10417565239800347 0.07375965118408204
0 0.8066975911458333 0.7964792251586914 0.0689178466796875 0.05045661926269531
0 0.7374732123480903 0.4302982330322266 0.07197604709201388 0.03505210876464844
0 0.07678862677680122 0.5561600685119629 0.04558673434787326 0.03402767181396484
0 0.18194266425238714 0.7664459705352783 0.06931237114800347 0.03714628219604492
0 0.1649651845296224 0.09334500432014466 0.05072148640950521 0.04125093221664429
0 0.6341261121961805 0.8039589881896972 0.07101932101779514 0.05210952758789063
0 0.5094411214192708 0.6123364448547364 0.06264139811197916 0.041460514068603516
0 0.573247782389323 0.5882504463195801 0.06197713216145833 0.041515541076660153
0 0.8765861511230468 0.5883201599121094 0.08152008056640625 0.033295822143554685
0 0.41588779025607636 0.7343740940093995 0.044866943359375 0.042177867889404294
0 0.9716569688585069 0.7807305335998536 0.05668606228298611 0.038252067565917966
0 0.23970854017469617 0.8001564025878907 0.0845430162217882 0.02432079315185547
0 0.30210130479600694 0.23564410209655762 0.05037723117404514 0.04119663238525391
0 0.8564727783203125 0.21070749759674073 0.061041259765625 0.05409092903137207
0 0.1132197486029731 0.7515851974487304 0.05758293999565972 0.049480533599853514
0 0.19121076795789932 0.29456195831298826 0.10338083902994792 0.043412971496582034
0 0.5467874315049913 0.23002781867980956 0.08306477864583334 0.045151042938232425
0 0.5701753404405382 0.7904691696166992 0.08727060953776042 0.036043739318847655
0 0.17663658989800346 0.3316339015960693 0.06546630859375 0.03608636856079102
0 0.8238062540690104 0.8358633041381835 0.07554253472222222 0.0371124267578125
0 0.5427181667751736 0.4705073356628418 0.07950303819444444 0.030121040344238282
0 0.20043182373046875 0.23181777000427245 0.058196173773871526 0.05123958587646484
0 0.5536938137478299 0.139557147026062 0.05399509006076389 0.04283638000488281
0 0.9520433213975694 0.017991223931312562 0.07313978407118056 0.035982447862625125
0 0.736545647515191 0.08352025747299194 0.03891126844618056 0.036636185646057126
0 0.33187366061740453 0.5584732055664062 0.048306783040364586 0.031197261810302735
0 0.8297039455837674 0.3583091974258423 0.047321912977430554 0.040406417846679685
0 0.2557278951009115 0.466034984588623 0.08881886800130208 0.035589599609375
0 0.8772328694661459 0.38964262008666994 0.05777859157986111 0.050464725494384764
0 0.745935567220052 0.8161354064941406 0.05052947998046875 0.03809909820556641
0 0.8743374294704861 0.3408388137817383 0.05262044270833333 0.03673496246337891
0 0.5280371771918403 0.42147369384765626 0.07068006727430555 0.034122276306152347
0 0.8594629075792101 0.7919244766235352 0.05944247775607639 0.04422893524169922
0 0.7936047024197048 0.10398210287094116 0.04957750108506945 0.03906838893890381
0 0.5082684834798177 0.010362271964550019 0.05728963216145833 0.02059011459350586
0 0.3757290310329861 0.411545467376709 0.08661261664496528 0.03212957382202149
0 0.3625317043728299 0.33748013973236085 0.07051306830512152 0.03995223045349121
0 0.38513929578993056 0.14849271774291992 0.05278795030381944 0.02498140335083008
0 0.8355868869357639 0.1524646282196045 0.038253106011284725 0.0360255241394043
0 0.04094977123747162 0.5457175925925927 0.08353255629048914 0.04629629629629631
0 0.754135979546441 0.1754262089729309 0.06875474717881945 0.025081777572631837
0 0.30374298095703123 0.14932925701141359 0.0636138916015625 0.03062589168548584
