0 0.7150409274631077 0.38226563930511476 0.08965589735243056 0.06240181922912598
0 0.7204883151584202 0.14645044803619384 0.09816657172309028 0.061400413513183594
0 0.5898300170898437 0.8832759857177734 0.11739603678385417 0.068536376953125
0 0.16714981926812067 0.2404310941696167 0.12139409383138021 0.10783963203430176
0 0.7521009657118055 0.30411591529846194 0.09983723958333333 0.05190010070800781
0 0.7225813971625434 0.5509452819824219 0.11311170789930555 0.052198600769042966
0 0.5902377658420139 0.9455500602722168 0.12371029324001737 0.06451759338378907
0 0.6286638047960069 0.40181875228881836 0.09990047878689236 0.06502208709716797
0 0.5656126234266493 0.5688947200775146 0.1094326443142361 0.10171937942504883
0 0.14267243279351127 0.8562889099121094 0.15540796915690105 0.07163543701171875
0 0.7847986857096354 0.9169022560119628 0.09086405436197917 0.047170829772949216
0 0.11749852498372396 0.4065824508666992 0.16247066921657985 0.07446813583374023
0 0.46214074028862845 0.4764692783355713 0.09383138020833333 0.08450794219970703
0 0.5500551011827257 0.683564281463623 0.10738728841145834 0.07251510620117188
0 0.12334153917100694 0.941203498840332 0.1119723849826389 0.05647621154785156
0 0.06570089128282335 0.6806910991668701 0.1314017825656467 0.05218048095703125
0 0.9611175537109375 0.6013668060302735 0.07758856879340278 0.062455368041992185
0 0.3961641099717882 0.40258177518844607 0.12483859592013889 0.07069780826568603
0 0.9734629313151042 0.893055534362793 0.05235019259982639 0.051138687133789065
0 0.9623651292588976 0.9541799545288085 0.07526974148220486 0.05328521728515625
0 0.23914303249782987 0.564762020111084 0.11137593587239583 0.09367198944091797
0 0.970635732014974 0.47344536781311036 0.058728535970052086 0.0814702033996582
0 0.9715669420030382 0.6493459224700928 0.05686611599392361 0.041712379455566405
0 0.16125051710340713 0.9765125274658203 0.15450939602322047 0.04524574279785156
0 0.970259263780382 0.5462932586669922 0.05948147243923611 0.06650123596191407
0 0.9707368638780381 0.9890611171722412 0.05770653618706597 0.021877765655517578
0 0.6008332994249131 0.9837226867675781 0.11071268717447917 0.03241462707519531
0 0.33696102566189234 0.899898624420166 0.15521308051215277 0.07355747222900391
