0 0.7883094787597656 0.8685537338256836 0.05352054172092014 0.041902923583984376
0 0.023649427625868056 0.766506576538086 0.0368377685546875 0.03289957046508789
0 0.48774142795138886 0.2261442184448242 0.05739712185329861 0.025159358978271484
0 0.49489305284288193 0.3058961868286133 0.05238121880425347 0.041552400588989256
0 0.17318602667914496 0.8470186233520508 0.04549925062391493 0.03218765258789062
0 0.8130282931857639 0.281492805480957 0.04010721842447917 0.04098310470581055
0 0.4424502902560764 0.2910991430282593 0.05092400444878472 0.03770956993103027
0 0.4268684074787902 0.8409367135992633 0.03606495864701005 0.029878122034207165
0 0.7357814364963108 0.9439828872680665 0.05286068386501736 0.02521171569824219
0 0.06132783427111606 0.9092958739106084 0.05379190579266613 0.025598393023853562
0 0.9124426099989149 0.3417360782623291 0.0780305650499132 0.025990390777587892
0 0.634366692437066 0.6242238044738769 0.04541185167100695 0.038442802429199216
0 0.9107855902777777 0.5463262557983398 0.06368204752604166 0.021379947662353516
0 0.591744147406684 0.35413365364074706 0.06433275010850695 0.03055562973022461
0 0.3847663879394531 0.6867366313934327 0.05354105631510417 0.03686199188232422
0 0.7789182874891493 0.7841976165771485 0.04881083170572917 0.03172760009765625
0 0.7402214898003472 0.41872320175170896 0.04685702853732639 0.027528762817382812
0 0.4607847425672743 0.9395408630371094 0.037694295247395836 0.029198074340820314
0 0.3484511831618872 0.8591264894870526 0.05618770800348245 0.028372607880355123
0 0.9102065192328559 0.9030516624450684 0.06429511176215277 0.0250640869140625
0 0.38979034423828124 0.5270247459411621 0.08350762261284722 0.02733898162841797
0 0.8378036674137345 0.8012219624899922 0.047527772110454954 0.031212178306400537
0 0.5184346516927083 0.7313337326049805 0.04650675455729167 0.0339324951171875
0 0.13641522725423177 0.5537397384643554 0.04934446546766493 0.035608673095703126
0 0.5279920789930556 0.6382152557373046 0.074554443359375 0.026641082763671876
0 0.9226680331759982 0.841351318359375 0.04854617648654514 0.027862358093261718
0 0.8795703464084201 0.25499463081359863 0.05214470757378472 0.030537891387939452
0 0.6012059529622396 0.702849006652832 0.04903191460503472 0.03497505187988281
0 0.851466793484158 0.4653461456298828 0.04503936767578125 0.0304229736328125
0 0.5869956970214844 0.5473792552947998 0.06461656358506944 0.018380355834960938
0 0.7336899651421441 0.973088264465332 0.05056542290581597 0.0265625
0 0.42668223652170545 0.37215926154678414 0.0651279630546589 0.022993683479201662
0 0.8665182325575087 0.6222113609313965 0.053433397081163195 0.021673583984375
0 0.8101097463131199 0.23787534091394272 0.049666545312729335 0.018674200801222528
0 0.9316787719726562 0.5746423721313476 0.04592488606770833 0.024581527709960936
0 0.9488038804796007 0.8168178558349609 0.03929850260416667 0.026651763916015626
0 0.529396735297309 0.5551408767700196 0.04298434787326389 0.032618141174316405
0 0.18815697564019096 0.6468132019042969 0.0841064453125 0.026465511322021483
0 0.23347413804796008 0.390362548828125 0.04937710232204861 0.023966598510742187
0 0.9495957224830464 0.39851879581039495 0.03912363067292635 0.026057544672433212
0 0.4654873318142361 0.6072024345397949 0.04265170627170139 0.03239297866821289
0 0.4423485649956597 0.20771210193634032 0.04691162109375 0.03854837417602539
0 0.6838169442158412 0.4686068525896386 0.05861612955729167 0.0237518310546875
0 0.28727035522460936 0.6438945770263672 0.05448269314236111 0.023534297943115234
0 0.28533299763997394 0.6113516330718994 0.05119544135199653 0.03015556335449219
0 0.35534600151909723 0.3202230215072632 0.050925191243489584 0.024521923065185545
0 0.7696478949652777 0.3514383316040039 0.042674424913194446 0.03867506980895996
0 0.8388596428765192 0.39473533630371094 0.05520138210720486 0.026216888427734376
0 0.6040002610948351 0.5053515434265137 0.03890279134114583 0.02958850860595703
0 0.28471289740668404 0.568608283996582 0.038885498046875 0.027628517150878905
0 0.7155875311957465 0.6162484169006348 0.03956553141276042 0.03339815139770508
0 0.972916242811415 0.5710841178894043 0.05073767768012153 0.022696495056152344
0 0.8866192287868924 0.29832236766815184 0.06174282497829861 0.01870555877685547
0 0.9567411634657118 0.26026191711425783 0.03170623779296875 0.03492040634155273
0 0.07974472045898437 0.3700533866882324 0.044895172119140625 0.032238006591796875
0 0.882161119249132 0.2124701738357544 0.04269222683376736 0.03059840202331543
0 0.6371620178222657 0.5554888725280762 0.038838704427083336 0.03163585662841797
0 0.27703382703993057 0.5487462997436523 0.05251668294270833 0.01692800521850586
0 0.5989027235243055 0.3221689939498901 0.05299513075086806 0.019654130935668944
0 0.7434015686958484 0.6741017719949355 0.0549285888671875 0.022354888916015624
0 0.45061187744140624 0.31781749725341796 0.04937947591145833 0.020466423034667967
0 0.5825468275282119 0.7874382019042969 0.04832882351345486 0.02539825439453125
0 0.9885301378038195 0.25805864334106443 0.02293972439236111 0.022604846954345705
0 0.20665452745225693 0.49033703804016116 0.04243079291449653 0.03641233444213867
0 0.8283124673969745 0.227406103286385 0.04564423578508089 0.02053990610328637
0 0.18635889410537299 0.5617297535211268 0.05412102243088157 0.028975938967136253
