0 0.3374969482421875 0.3937307993570964 0.031117534637451146 0.03685597525702586
0 0.622717809677124 0.5172390012387876 0.0280632019042969 0.05288379245334193
0 0.6955565452575684 0.6394407293531631 0.040268898010253906 0.06885750240749781
0 0.916331672668457 0.468198760703758 0.028727340698242242 0.04748290591769746
0 0.38463182449340827 0.5547022296764234 0.03797931671142579 0.03361058411774812
0 0.7833898067474365 0.44542423248291024 0.03755655288696292 0.03384519788953992
0 0.8405294418334961 0.936313304901123 0.040373992919921955 0.036648787745723
0 0.5907342433929443 0.026276481593096698 0.02130260467529293 0.04120333565606012
0 0.5685361862182617 0.07783282068040635 0.04152317047119142 0.040159200032552085
0 0.10282349884510042 0.8399015031037508 0.02758230566978455 0.03960486164799443
0 0.5736680984497071 0.738141431455259 0.03979301452636719 0.035812137745044846
0 0.44623651504516604 0.5103196836400916 0.028709983825683568 0.03884005652533631
0 0.6361722946166992 0.4317386775546604 0.02695159912109367 0.05584001541137695
0 0.11840951442718506 0.0673848314638491 0.029204273223876965 0.06641716144703054
0 0.12233339548110962 0.727748220231798 0.036576843261718756 0.04851049635145401
0 0.7365403175354004 0.5804803060602258 0.045662498474121065 0.040568954326488334
0 0.11358704566955566 0.3741668577547427 0.026882219314575198 0.045005151960584903
0 0.5924182891845703 0.1759330889030739 0.028944301605224595 0.031253490801210745
0 0.34825987815856935 0.3172990283259639 0.03032970428466797 0.032192020416259744
0 0.12995526790618897 0.441781756789596 0.04714212417602542 0.045027212213586854
0 0.4326957702636719 0.35077352453161176 0.029127883911132867 0.03207486258612736
0 0.8694196701049806 0.4561098911144115 0.0265937805175781 0.03301778934620048
0 0.9759573936462402 0.8514267928512008 0.03403186798095716 0.06295027344315132
0 0.349691104888916 0.7551785052264178 0.04230251312255862 0.04738959700972948
0 0.5255130767822266 0.17829767227172852 0.02466869354248047 0.05426382523995859
0 0.6639677524566652 0.606619842670582 0.035155677795410185 0.055720025521737555
0 0.3895385265350342 0.17768076773043034 0.033270931243896525 0.028379919264051656
0 0.632776165008545 0.19269623544481068 0.028430366516113307 0.028305093270761007
0 0.9091722488403321 0.5056634796990289 0.03299255371093745 0.04393925419560179
0 0.4140769958496094 0.3994904631155509 0.04555940628051758 0.04072620815700958
0 0.6479806900024414 0.7422645374580666 0.050010108947753935 0.04858532234474459
0 0.28487572669982913 0.8312449405811452 0.030505943298339864 0.039418392887821944
0 0.11408895254135132 0.01889415952894423 0.02072708606719971 0.033848029949046954
0 0.5028871059417725 0.5230839248939797 0.020004653930664088 0.04185992629439746
0 0.9185819625854492 0.7032309320237902 0.025757217407226588 0.03987360918963395
0 0.12135021686553957 0.5744989218535247 0.04078011512756348 0.04083889431423605
0 0.14443604946136476 0.40644823710123695 0.03226270675659179 0.02540238133183229
0 0.969523048400879 0.7382774448394775 0.030105018615722682 0.03811758323952006
0 0.2639607429504395 0.660021902013708 0.026658725738525405 0.034577061688458414
0 0.13307678699493408 0.030797436060728857 0.02528481483459473 0.047908944553799106
0 0.5487876892089845 0.4574390213577836 0.02520818710327143 0.03653684686731416
0 0.5557135581970215 0.24079846805996366 0.018986129760742213 0.04499546333595556
0 0.5757227897644044 0.2509593758759675 0.025985145568847682 0.033420687075014506
0 0.9178102493286133 0.8133191963478371 0.025458908081054794 0.051830862539785964
0 0.3362462520599365 0.7103362712153682 0.04446220397949219 0.04052408854166658
0 0.14687868356704714 0.7676704216003419 0.039819598197937026 0.04789340549045141
0 0.8166885375976562 0.9094887825294778 0.026503753662109455 0.05763926753291373
0 0.08933002948760987 0.7137229672184697 0.035866856575012214 0.03632399523699719
0 0.5613611221313477 0.3730577338183368 0.020156288146972682 0.03671735339694556
0 0.09230233430862428 0.7620857493082683 0.0234571933746338 0.054356761508517835
0 0.6597025871276856 0.45737761038321034 0.028285217285156195 0.03575609277795861
0 0.6628025054931641 0.37518945482042104 0.0317881584167481 0.034940757751464886
0 0.6418450355529786 0.5291231427369294 0.02300624847412115 0.03398068957858613
0 0.9107727050781251 0.7674741896876582 0.02343215942382815 0.04234495374891502
0 0.5137009143829346 0.4908779677638302 0.02578296661376949 0.025157929879647736
0 0.6631428718566895 0.14028196864657932 0.02334880828857422 0.04225745801572445
0 0.6521492958068849 0.6678090222676596 0.025865554809570312 0.06335287306043835
0 0.6314900398254395 0.12303099985475893 0.038753700256347605 0.031490563993100774
0 0.07047039270401002 0.7773870687131529 0.027777218818664563 0.045293276751483015
0 0.7557332992553711 0.8344932383078116 0.03610420227050781 0.029637204629403554
0 0.37812595367431645 0.6711399714152019 0.023026561737060587 0.03754923361319076
0 0.542809534072876 0.39091856426662874 0.020981121063232407 0.03570034592239945
0 0.22742714881896975 0.7967432265811497 0.032252597808837914 0.03957341088189013
0 0.10997284650802613 0.31900541870682325 0.030345034599304196 0.03051916758219401
0 0.5364443302154541 0.4881144739080358 0.021617126464843765 0.04490811665852863
0 0.6072752952575684 0.2711635119826705 0.019554328918457046 0.040507692407678694
0 0.48382997512817383 0.4757982197514287 0.030137157440185587 0.02741135491265191
0 0.6164551258087159 0.6901156644467954 0.02251443862915043 0.051246563946759235
0 0.1227731704711914 0.48982228031864883 0.02717196941375734 0.03271803820574727
0 0.4544393539428711 0.06118195039254649 0.022024154663085938 0.022211768185650863
0 0.6112709999084474 0.23304164338994912 0.024471664428710963 0.046722348884299957
0 0.4761988639831543 0.017283202100683143 0.03188171386718753 0.028473898922955553
0 0.7861313819885254 0.4145090982649062 0.029624748229980388 0.028522714685510715
0 0.5654674530029298 0.15805094348059762 0.021721267700195338 0.03366737436365199
0 0.8821417808532714 0.49554579805444793 0.025951004028320287 0.0443740498578107
0 0.12085247039794922 0.5435504736723723 0.029104852676391613 0.02865835543032052
0 0.9473617553710938 0.7814846116525156 0.02694416046142578 0.056009491814507296
0 0.642972755432129 0.36382216418230984 0.022744941711425836 0.030458949053729034
0 0.4888860702514649 0.04195629084551777 0.02371616363525392 0.03445647557576497
0 0.6362183570861817 0.5586888751277217 0.02169723510742182 0.032901674906412805
0 0.6740348815917969 0.6628283239293983 0.021759033203125 0.04280553605821395
0 0.5907166481018067 0.21489615369726112 0.020986557006835938 0.03511947561193393
0 0.6438738822937011 0.6152358620255082 0.027319335937500026 0.038860924332230116
0 0.8810348510742188 0.35713097642969205 0.025759506225585857 0.02803858156557434
0 0.4736161231994629 0.5310944797374585 0.030940246582031265 0.03650345837628408
0 0.6160868167877198 0.5661665556165908 0.022944831848144557 0.06013565346046734
0 0.4012293696403504 0.016664508890222623 0.020920205116271958 0.03081504327279551
0 0.5259263992309571 0.31446853390446416 0.02051315307617185 0.035347232818603525
0 0.8884130477905274 0.6961282013080738 0.02783679962158203 0.029231474841082496
0 0.8109638452529908 0.41481101071393056 0.02232584953308103 0.03701799887197989
0 0.5790978431701661 0.6708043723636204 0.023762321472167943 0.03796092563205291
0 0.8674498558044434 0.3956052501113327 0.0213645935058594 0.030661963003653047
0 0.23545796871185304 0.5674900217409488 0.02600445747375491 0.03138294573183413
0 0.8930402755737306 0.4703587277730306 0.021053314208984375 0.03249192061247649
0 0.3561618804931641 0.5606171350125914 0.025228500366210938 0.029689076035110996
0 0.490318250656128 0.06961627077173305 0.02415618896484379 0.022449437600594976
0 0.8355779647827148 0.702400915004589 0.032965850830078205 0.03354022979736337
0 0.5560841083526612 0.28041190041436087 0.01971254348754887 0.032532165668628835
0 0.4717369079589844 0.07946770155871356 0.020907211303710923 0.028186444882993347
0 0.5675001621246338 0.31567376154440424 0.021753120422363267 0.033628545337253124
0 0.11954361200332642 0.7783988592359755 0.030169653892517093 0.04526167692961512
0 0.43398561477661135 0.06819126040847213 0.01619720458984375 0.034390816511931245
0 0.6355620861053467 0.39414293854324906 0.029486656188964844 0.03369465156837745
0 0.30590634346008305 0.8884184088530365 0.03290128707885746 0.048484858760127314
0 0.4742132663726807 0.5009583109396475 0.0274359703063965 0.022381766283953653
0 0.5855140686035157 0.31397314707438156 0.01845073699951172 0.034632510432490604
0 0.5523077011108399 0.336126708984375 0.02432460784912104 0.0423585178233959
0 0.052754320204257965 0.9824003035933884 0.023092743754386906 0.027829009162055038
0 0.5388931751251221 0.36500730655811453 0.023571109771728556 0.025625666865596065
0 0.051241528987884526 0.8180892788922346 0.021846222877502444 0.044932561803747086
0 0.5745638847351074 0.2848914732756438 0.021568012237548843 0.032694487395109946
0 0.2744968414306641 0.8662178943775319 0.04963665008544921 0.042222728022822606
0 0.16108200550079346 0.5040176059581616 0.023405408859252953 0.04820224903247968
0 0.572422981262207 0.014711226269050881 0.02013835906982426 0.028758073736120156
0 0.8881395339965821 0.4117604354575829 0.01766281127929693 0.0379947612903736
0 0.23697276115417482 0.7422829458448622 0.02083959579467776 0.038258739047580335
0 0.13426780700683594 0.38281410429212787 0.019262599945068362 0.030277399133752925
0 0.5030943393707276 0.4532635967819779 0.022106933593749985 0.02538061919035736
0 0.418352746963501 0.06870263346919307 0.017776584625244115 0.027156469557020398
0 0.1166968584060669 0.41392278741907196 0.02168960571289064 0.03712621335630065
0 0.28866577148437506 0.6832037996362756 0.02005147933959961 0.03660720118769887
0 0.5931777954101562 0.6959415089642561 0.03191375732421868 0.041340616014268666
0 0.8819571495056153 0.38287767657527216 0.022592735290527424 0.030654361159713147
0 0.6101737022399902 0.19773871739705404 0.02522144317626957 0.03190210695619937
0 0.09737411737442017 0.7730022207895916 0.02147650718688965 0.05261444868864836
0 0.6324608325958252 0.6841780281066895 0.016015243530273518 0.04375442504882817
0 0.5483216762542725 0.6082278562475134 0.02245330810546875 0.0374091211954753
0 0.8240601539611817 0.33836895483511464 0.0181921005249024 0.02729643291897243
0 0.12386415004730225 0.18119785026267726 0.022659635543823248 0.02123642179701064
0 0.323568868637085 0.7259553775080928 0.022106456756591782 0.04765655588220665
0 0.8986339569091797 0.40720998658074276 0.017860794067382838 0.036689479969165904
0 0.903286361694336 0.650387235570837 0.021932601928710938 0.02723934456154148
0 0.6766757965087891 0.6986109486332646 0.023504638671875026 0.026351717489737116
0 0.9932239532470704 0.04085972485718904 0.013552093505859267 0.0800018056233724
0 0.3987039962553391 0.9006630086877001 0.05192791527704637 0.0525834476451761
0 0.30325902521795106 0.1382030178326475 0.026329647182727726 0.05258344764517604
