0 0.35710644192165797 0.9183963775634766 0.08807118733723958 0.0864187240600586
0 0.12796724107530383 0.7710951805114746 0.19748636881510417 0.06569499969482422
0 0.8134651184082031 0.674688720703125 0.14176991780598958 0.06781482696533203
0 0.9202841016981337 0.6569968223571777 0.08537156846788195 0.08566322326660156
0 0.0534661610921224 0.17984375953674317 0.1061871846516927 0.08640661239624023
0 0.895688713921441 0.9519281387329102 0.14385172526041667 0.059650421142578125
0 0.863997056749132 0.40639281272888184 0.11896803114149306 0.06403570175170899
0 0.8435589260525174 0.4853963851928711 0.08604888916015625 0.047285938262939455
0 0.39347262912326386 0.7236166954040527 0.10399034288194445 0.08406410217285157
0 0.6682034810384114 0.13161015510559082 0.14095916748046874 0.05786607265472412
0 0.5982697380913629 0.3545975208282471 0.12357771131727431 0.05297722816467285
0 0.664324951171875 0.039342200756073 0.11338433159722222 0.078684401512146
0 0.6253455268012152 0.9556393623352051 0.12826470269097223 0.055756759643554685
0 0.05105743408203125 0.5516556739807129 0.09667349921332466 0.08849239349365234
0 0.32425382402208114 0.13557212352752684 0.08800358242458767 0.06269702911376954
0 0.8734475877549913 0.5230271339416503 0.10552876790364583 0.04316244125366211
0 0.7804546780056424 0.7488654613494873 0.09041510687934028 0.07326793670654297
0 0.6530107286241319 0.19899337291717528 0.10621609157986112 0.05635371208190918
0 0.6977661980523003 0.7572056770324707 0.10611368815104166 0.05805950164794922
0 0.7762101915147569 0.9257138252258301 0.05867207845052083 0.059992408752441405
0 0.8174266391330295 0.033800137042999265 0.10888773600260417 0.06403826475143433
0 0.7573649088541666 0.981390905380249 0.11205919053819445 0.03721818923950195
0 0.7945199754503038 0.2554136276245117 0.11300693088107638 0.04600601196289063
0 0.8234338548448351 0.7848562240600586 0.06556532118055555 0.0672445297241211
0 0.35624476538764105 0.07355309128761292 0.1139563242594401 0.07188631296157837
0 0.4964331732855903 0.7002986907958985 0.12660285101996527 0.06109781265258789
0 0.9127425236957064 0.1702275201126381 0.07986474684727038 0.0912579227376867
0 0.7167306688096788 0.957099723815918 0.08269280327690973 0.06534156799316407
