0 0.5932403564453125 0.13964465856552125 0.06877780490451389 0.06150667667388916
0 0.655316162109375 0.29075496196746825 0.08991902669270833 0.054645967483520505
0 0.16346672905815973 0.9096134185791016 0.0783567640516493 0.06741352081298828
0 0.22887624104817708 0.8908454895019531 0.09289059109157986 0.056203269958496095
0 0.37195281982421874 0.5214717388153076 0.07539893256293403 0.0522578239440918
0 0.4247931586371528 0.5639561176300049 0.07225206163194445 0.053220367431640624
0 0.027719540066189235 0.5804109573364258 0.054461161295572914 0.05732250213623047
0 0.9539171854654948 0.7771706581115723 0.06604444715711806 0.0614105224609375
0 0.8603103637695313 0.2767179012298584 0.06662190755208333 0.04614067077636719
0 0.18062828911675347 0.5098657608032227 0.08321889241536458 0.031010246276855467
0 0.6651079813639323 0.15344879627227784 0.08168606228298611 0.034922313690185544
0 0.40208841959635416 0.20116453170776366 0.10652025010850695 0.05181035995483398
0 0.7673888312445747 0.26737854480743406 0.0712251451280382 0.06083359718322754
0 0.8253529866536459 0.30138144493103025 0.0780978732638889 0.03350496292114258
0 0.7833294338650174 0.18333505392074584 0.08916236029730903 0.03393709659576416
0 0.83619384765625 0.7702425956726074 0.07693888346354166 0.04541645050048828
0 0.711788092719184 0.11195093393325806 0.0737457275390625 0.03753583431243897
0 0.34936998155381943 0.7244832992553711 0.08001539442274305 0.04191932678222656
0 0.04545644124348958 0.3609159469604492 0.08665415445963541 0.03542327880859375
0 0.1350176493326823 0.7659667491912842 0.06452365451388889 0.05143194198608399
0 0.6127101474338108 0.6286589622497558 0.09466756184895833 0.046550941467285153
0 0.7116115993923611 0.7448615074157715 0.10653143988715277 0.04164600372314453
0 0.5979992336697049 0.44318318367004395 0.08912624782986112 0.044631671905517575
0 0.07949125501844619 0.6479308605194092 0.08397098117404514 0.036179733276367185
0 0.055582427978515626 0.15395495891571045 0.06645355224609376 0.037434053421020505
0 0.41421356201171877 0.8766813278198242 0.10543280707465277 0.038725662231445315
0 0.3155511644151476 0.2767073154449463 0.09426303439670139 0.03384456634521484
0 0.30740509033203123 0.8334767341613769 0.06139560275607639 0.046076393127441405
0 0.7060314602322049 0.06765149980783462 0.06807827419704861 0.0627702683210373
0 0.2779390547010634 0.313716983795166 0.06439861721462674 0.057576465606689456
0 0.09876522488064236 0.013155317306518555 0.05586429172092014 0.02597230076789856
0 0.7127056545681424 0.391084623336792 0.07304433186848959 0.05287599563598633
0 0.08544692993164063 0.3425614356994629 0.08167521158854167 0.02725496292114258
0 0.7378004286024306 0.49710912704467775 0.06346096462673612 0.05400009155273437
0 0.34077368842230904 0.22147419452667236 0.06207665337456597 0.057644224166870116
0 0.7571344163682726 0.4601102828979492 0.09159003363715278 0.02869586944580078
0 0.20371466742621527 0.739525032043457 0.05301615397135417 0.047387313842773435
0 0.491982184516059 0.13103969097137452 0.10251498752170139 0.04062886238098144
0 0.6941854688856337 0.9510873794555664 0.08689609103732639 0.042865753173828125
0 0.14652002122667102 0.9822885513305664 0.07715971204969618 0.035402679443359376
0 0.5642581515842013 0.764027214050293 0.054760911729600695 0.04506988525390625
0 0.2624442206488715 0.38657450675964355 0.06961025661892362 0.03181009292602539
0 0.4228237575954861 0.6381861209869385 0.07602098253038195 0.035026836395263675
0 0.8020333184136285 0.7250696182250976 0.08761664496527778 0.030930328369140624
0 0.39318644205729164 0.9124926567077637 0.10477786593967015 0.043669700622558594
0 0.06539238823784722 0.05794097781181336 0.08133629692925347 0.02755526304244995
0 0.3405285305447049 0.4131319999694824 0.08208194308810764 0.02912416458129883
0 0.20025164286295574 0.6918172836303711 0.07662099202473958 0.03514575958251953
0 0.7660000334060731 0.38585746553209094 0.07705343113024064 0.034998031898781076
0 0.5827718946668837 0.8539960861206055 0.098828125 0.04401664733886719
0 0.24818899366590713 0.421258544921875 0.05217819213867188 0.04823713302612305
0 0.6122412787543403 0.7367463111877441 0.08681233723958333 0.039910507202148435
0 0.6227830674913194 0.7788907527923584 0.0638916015625 0.04608850479125977
0 0.47386745876736114 0.7637359142303467 0.06843126085069444 0.030580425262451173
0 0.05197787814670139 0.3919801950454712 0.05908474392361111 0.037770986557006836
0 0.31793204413519965 0.3714280128479004 0.07502543131510417 0.04612808227539063
0 0.7808141920301649 0.3252932071685791 0.0549714830186632 0.05380411148071289
0 0.23358993530273436 0.3624617576599121 0.07049967447916666 0.02098217010498047
0 0.6293935139973958 0.8143745422363281 0.04583367241753472 0.03740882873535156
0 0.3049043443467882 0.24299392700195313 0.05649380154079861 0.037463712692260745
0 0.39813130696614585 0.9844535827636719 0.09429524739583334 0.0310333251953125
0 0.5270608690049913 0.15303726196289064 0.07169392903645834 0.026995420455932617
0 0.47450493706597224 0.9729963302612304 0.08023851182725694 0.030438613891601563
0 0.3414698282877604 0.7631881237030029 0.05811275906032986 0.050422954559326175
0 0.7678955078125 0.6884616851806641 0.06657918294270833 0.033965682983398436
0 0.5845236884223091 0.3951733112335205 0.08258429633246528 0.05413064956665039
0 0.05049230787489149 0.030921370536088944 0.06202418009440104 0.035604237020015715
0 0.608077155219184 0.9065649032592773 0.08510810004340277 0.03666534423828125
0 0.6481187608506944 0.89324951171875 0.056069268120659724 0.04840240478515625
0 0.6518056233723958 0.9908290863037109 0.092974853515625 0.018341827392578124
0 0.5608642578125 0.922939682006836 0.05111490885416667 0.0535736083984375
0 0.7307840983072916 0.34195618629455565 0.05975884331597222 0.037449073791503903
0 0.9728379143608941 0.9789693832397461 0.054324171278211805 0.04201927185058594
0 0.7942386831275721 0.36226851851851855 0.05761316872427979 0.02893518518518518
