0 0.22662141587999132 0.5565403938293457 0.046566942003038195 0.042566680908203126
0 0.4387986924913194 0.08229707479476929 0.08054131401909723 0.04216165542602539
0 0.8753650241427952 0.22592015266418458 0.053948974609375 0.047205638885498044
0 0.8522861056857639 0.03296498954296112 0.07371487087673612 0.03582044243812561
0 0.9099521213107639 0.10187017917633057 0.06271294487847222 0.04944510459899902
0 0.6756703694661458 0.3190804958343506 0.05815395779079861 0.03929319381713867
0 0.8261979844835069 0.07255188822746277 0.04777289496527778 0.0467171311378479
0 0.4327985975477431 0.46182990074157715 0.05988040500217014 0.028146839141845702
0 0.9630254109700521 0.34137601852416993 0.06673821343315972 0.026790523529052736
0 0.9514314439561632 0.51627197265625 0.05103115505642361 0.04712543487548828
0 0.8040761311848958 0.7003828048706054 0.10040859646267361 0.037082481384277347
0 0.22110053168402777 0.05776764154434204 0.05144890679253472 0.03414398431777954
0 0.7790932549370659 0.20052223205566405 0.04548814561631945 0.032440996170043944
0 0.13593618604871963 0.18736913204193115 0.04463144938151042 0.031540870666503906
0 0.9100631713867188 0.9095144271850586 0.042262098524305555 0.040916824340820314
0 0.32327635023328993 0.593808937072754 0.06555955674913194 0.03567714691162109
0 0.6527233547634549 0.8569507598876953 0.05012647840711806 0.032711029052734375
0 0.8705050150553385 0.06348168849945068 0.04333919949001736 0.04018555879592896
0 0.9152375962999132 0.4240769386291504 0.05236002604166667 0.035365867614746097
0 0.4742401123046875 0.21811990737915038 0.07920159233940972 0.03203306198120117
0 0.32164069281684027 0.4092004656791687 0.07984602186414931 0.028319573402404784
0 0.16799562242296007 0.9212896347045898 0.06595984564887153 0.02952728271484375
0 0.08374099731445313 0.8941986083984375 0.08028937445746528 0.028356552124023438
0 0.15131840176052516 0.5558897972106933 0.03924925062391493 0.03276081085205078
0 0.1434793260362413 0.41406636238098143 0.06188405354817708 0.026778030395507812
0 0.37666473388671873 0.3802635192871094 0.0759033203125 0.03168420791625977
0 0.9670393202039931 0.1793592691421509 0.05400221082899306 0.031085205078125
0 0.6779490152994792 0.6474241733551025 0.0707363552517361 0.04186954498291016
0 0.1668765174018012 0.3916666507720947 0.03925688001844618 0.0358184814453125
0 0.38939420912000866 0.5684825897216796 0.04556986490885417 0.04035472869873047
0 0.5337627834743923 0.5384517669677734 0.055170694986979164 0.03919992446899414
0 0.6348542107476128 0.39626073837280273 0.04241722954644097 0.03953008651733399
0 0.8931683858235677 0.29504530429840087 0.06852179633246527 0.026958465576171875
0 0.6529860602484809 0.07203207015991211 0.04401397705078125 0.04322097301483154
0 0.3880496554904514 0.09340419173240662 0.07121853298611111 0.025999915599823
0 0.4521631876627604 0.37780797481536865 0.047644721137152776 0.04029932022094727
0 0.21634877522786458 0.4888447761535645 0.06581776936848958 0.029160594940185545
0 0.01803270975748698 0.10271433591842652 0.03512013753255208 0.046757173538208005
0 0.7255796644422743 0.2031482934951782 0.049945068359375 0.03525233268737793
0 0.13189663357204862 0.08315508365631104 0.0732621086968316 0.024507546424865724
0 0.5145689222547744 0.8989412307739257 0.04873826768663195 0.03231391906738281
0 0.5080919053819445 0.6689765930175782 0.04502122667100694 0.04042530059814453
0 0.24514795939127604 0.8040479898452759 0.05677151150173611 0.02540583610534668
0 0.9619510226779514 0.08160942196846008 0.04569549560546875 0.031159484386444093
0 0.797711181640625 0.5355555534362793 0.069195556640625 0.029113006591796876
0 0.5772299024793837 0.058136391639709475 0.04056922064887153 0.03500807285308838
0 0.2893755594889323 0.7953661918640137 0.04465467664930556 0.04367542266845703
0 0.18489447699652778 0.07073114514350891 0.05206281873914931 0.041573071479797365
0 0.5462741427951389 0.08009254932403564 0.03905605740017361 0.03770105838775635
0 0.27979261610243056 0.5610010147094726 0.06076999240451389 0.02272491455078125
0 0.7168694390190973 0.017349007725715637 0.06340399848090278 0.028994572162628175
0 0.22456334431966146 0.446338415145874 0.05989888509114583 0.034699440002441406
0 0.45842709011501737 0.17388677597045898 0.04523891872829861 0.0346104621887207
0 0.5315199110243055 0.7955475330352784 0.08531138102213541 0.030019474029541016
0 0.739705064561632 0.7680904388427734 0.04898037380642361 0.0328277587890625
0 0.9290890163845487 0.44945783615112306 0.07023857964409722 0.025010108947753906
0 0.6126393636067708 0.6363837718963623 0.04684787326388889 0.039490699768066406
0 0.7728086683485244 0.14297175407409668 0.04438154432508681 0.03071560859680176
0 0.2967926873101128 0.8452592849731445 0.0738008287217882 0.03596763610839844
0 0.5016756693522135 0.09327760934829712 0.05577511257595486 0.03171849250793457
0 0.5706236097547743 0.6883806705474853 0.04420098198784722 0.05109691619873047
0 0.5348931206597223 0.5918840408325196 0.03937954372829861 0.035567092895507815
0 0.39881006876627606 0.24914557933807374 0.0614990234375 0.025474357604980468
0 0.6794617546929254 0.8119439125061035 0.06313544379340277 0.03099517822265625
0 0.24209967719184028 0.32401165962219236 0.07716861300998264 0.025510025024414063
0 0.5606785244411893 0.21960728168487548 0.05971730550130208 0.0314877986907959
0 0.10484322441948785 0.5537220954895019 0.04563513861762153 0.03849735260009766
0 0.6173527187771267 0.6986048698425293 0.05766448974609375 0.022799873352050783
0 0.7712970309787326 0.3124562740325928 0.03438008626302083 0.03673572540283203
0 0.519020758734809 0.6277561187744141 0.061676703559027775 0.024639320373535157
0 0.9730543348524305 0.3685535192489624 0.04711456298828125 0.029058027267456054
0 0.22745471530490452 0.9591657638549804 0.057361009385850696 0.03342437744140625
0 0.917677476671007 0.6101921081542969 0.0895509507921007 0.05138664245605469
0 0.32142681545681423 0.18099795579910277 0.0517061021592882 0.02835104465484619
0 0.39410196940104164 0.6380249977111816 0.07398885091145833 0.022200393676757812
0 0.9811169094509549 0.5647746086120605 0.036279296875 0.023565292358398438
0 0.6213023715549045 0.6726792812347412 0.05387335883246528 0.026639938354492188
0 0.9051621331108941 0.3308687210083008 0.05778113471137153 0.04344329833984375
0 0.9352787441677517 0.7341420173645019 0.06052771674262153 0.021423149108886718
0 0.1527981228298611 0.7815645217895508 0.05631442599826389 0.029317855834960938
0 0.5459882100423177 0.34107811450958253 0.03760494656032986 0.03396248817443848
0 0.962766350640191 0.9694903373718262 0.054615953233506945 0.027387237548828124
0 0.48385196261935765 0.47011899948120117 0.05058492024739583 0.020901298522949217
0 0.9622117784288194 0.014638128876686095 0.04189317491319444 0.028957599401474
0 0.7400665283203125 0.3226430416107178 0.037291802300347225 0.028772640228271484
0 0.25687696668836807 0.17142484188079835 0.04465688069661458 0.030500364303588868
0 0.7662404378255209 0.9886419296264648 0.06411573621961805 0.02271614074707031
0 0.1121504889594184 0.5908235549926758 0.06763509114583334 0.018922996520996094
0 0.3436208089192708 0.20537703037261962 0.04449276394314236 0.02985076904296875
0 0.17599241468641494 0.7329475402832031 0.0629148695203993 0.030062484741210937
0 0.20682050916883682 0.42115936279296873 0.06669362386067708 0.024575424194335938
0 0.01882828606499566 0.3048671245574951 0.03541064792209202 0.02772035598754883
0 0.4260640462239583 0.9897726058959961 0.08223639594184028 0.02040443420410156
0 0.4778716538668658 0.745548500838103 0.07717850296585649 0.03783818350897891
0 0.58197021484375 0.9044319152832031 0.07350904676649306 0.029471206665039062
0 0.3276111367308063 0.45547948766637725 0.061663648817274305 0.048998451232910155
0 0.015252473619249132 0.36019463539123536 0.02861997816297743 0.027130746841430665
0 0.5109897189670138 0.3831356048583984 0.04170193142361111 0.028194522857666014
0 0.8110337999131945 0.19549257755279542 0.03678724500868055 0.02796144485473633
0 0.19139031304253473 0.5809808254241944 0.045719740125868054 0.025328636169433594
0 0.9153383043077257 0.06962131261825562 0.04969923231336806 0.029990720748901366
0 0.362237548828125 0.9569978713989258 0.05470513237847222 0.02284584045410156
0 0.9726735432942708 0.1027114987373352 0.05465291341145833 0.022266745567321777
0 0.06404054429796006 0.6608781814575195 0.06240607367621528 0.020095252990722658
0 0.7091469658745659 0.7225938320159913 0.062266710069444446 0.022238731384277344
0 0.4706348843044705 0.5987033843994141 0.04581434461805556 0.03435335159301758
0 0.35585140652126734 0.3340273857116699 0.04974772135416667 0.03390631675720215
0 0.3724828084309896 0.9327764511108398 0.038912455240885414 0.027410888671875
0 0.06397649976942274 0.5765458106994629 0.06975928412543403 0.023272895812988283
0 0.7042400783962673 0.7404130935668946 0.06165262858072917 0.02254514694213867
0 0.3445694817437066 0.2669041395187378 0.048636711968315975 0.0304624080657959
0 0.10416480170355903 0.3688089370727539 0.04477912055121528 0.0240264892578125
0 0.46617024739583335 0.30149767398834226 0.06956549750434028 0.0224365234375
0 0.743121337890625 0.01108713001012802 0.03325347900390625 0.022013428807258605
0 0.984358639187283 0.05366120934486389 0.029024251302083335 0.03929306268692016
0 0.7699713812934028 0.07750207185745239 0.04480404324001736 0.01702408790588379
0 0.8396572536892362 0.2133635997772217 0.02653130425347222 0.01796693801879883
0 0.02174788581000434 0.6180374145507812 0.03551245795355903 0.030696678161621093
0 0.7235318501790364 0.26505398750305176 0.06388634575737848 0.02385225296020508
0 0.17966071234809028 0.9599586486816406 0.05017886691623264 0.02457008361816406
0 0.24999926374772927 0.017277378809672825 0.0679027070724424 0.03523690904732105
0 0.558522457546658 0.6576560974121094 0.044230821397569446 0.018553733825683594
0 0.0688087887234158 0.5580297470092773 0.03734987046983507 0.015555477142333985
0 0.42901390923394095 0.739870548248291 0.05468173556857639 0.029684066772460938
