0 0.16051325798034669 0.32657640245225694 0.05060896873474121 0.05858476426866319
0 0.49205965995788575 0.2752523210313585 0.026654720306396484 0.07144843207465278
0 0.46569385528564455 0.3630164252387153 0.03816509246826172 0.07514784071180555
0 0.07925143837928772 0.34404464297824433 0.0647319197654724 0.08732677035861545
0 0.24093222618103027 0.25447769165039064 0.0537297248840332 0.05577121310763889
0 0.9468178749084473 0.13091659545898438 0.050511741638183595 0.07047966851128472
0 0.3916079759597778 0.3779600355360243 0.03646817207336426 0.09212002224392361
0 0.9732177734375 0.08026496039496528 0.03138656616210937 0.07693261040581598
0 0.29775352478027345 0.20677727593315973 0.035070180892944336 0.05735151502821181
0 0.2751513957977295 0.07359212239583333 0.048517608642578126 0.07219611273871528
0 0.7136876106262207 0.5291247049967448 0.03557777404785156 0.07527737087673611
0 0.7134610176086426 0.07493243747287326 0.04016857147216797 0.08631235758463542
0 0.8800569534301758 0.5379952324761285 0.05193119049072266 0.06269870334201388
0 0.4138524532318115 0.336389414469401 0.04127569198608398 0.05870429144965278
0 0.48690133094787597 0.6123124016655817 0.035358333587646486 0.070562744140625
0 0.5805973052978516 0.025875684950086804 0.041329383850097656 0.04851311577690972
0 0.1828761100769043 0.2186206817626953 0.039968252182006836 0.09498231675889757
0 0.41762495040893555 0.5266718546549479 0.03870525360107422 0.06741129557291667
0 0.6994980812072754 0.7768349541558159 0.03948841094970703 0.05407341851128472
0 0.12483954727649689 0.7115681966145834 0.0590873658657074 0.06980082194010416
0 0.944096565246582 0.46025789048936633 0.04179115295410156 0.053588019476996526
0 0.19756345748901366 0.4127658420138889 0.032441329956054685 0.07184549967447916
0 0.44934568405151365 0.9727197435167101 0.050045204162597653 0.05456051296657986
0 0.4337876796722412 0.2294491238064236 0.024212741851806642 0.05883390638563368
0 0.9528382301330567 0.6738991631401909 0.029831886291503906 0.04991387261284722
0 0.17811836004257203 0.5682335747612848 0.03021240234375 0.06693623860677084
0 0.9368071556091309 0.016120783487955728 0.037095832824707034 0.03200039333767361
0 0.2499605178833008 0.41734720865885416 0.05441160202026367 0.09060160319010417
0 0.5931592472296193 0.2765878519512608 0.059309077557222284 0.070738333591763
0 0.7272385597229004 0.20166058010525173 0.04981212615966797 0.05687120225694445
0 0.9429256439208984 0.572489759657118 0.03819332122802734 0.05072903103298611
0 0.9810314178466797 0.570780012342665 0.032715225219726564 0.06604020860460069
0 0.27021055221557616 0.5556493123372396 0.04693160057067871 0.09152357313368055
0 0.04554984271526337 0.4015237596299913 0.040114587545394896 0.0665803697374132
0 0.19867482283478413 0.15720723592150304 0.05609685638804495 0.06715845911264096
0 0.731102466583252 0.015622562832302518 0.043288230895996094 0.031245125664605036
0 0.7158295631408691 0.14393416510687934 0.04723701477050781 0.059125857883029515
0 0.9085963249206543 0.24054167005750868 0.03232250213623047 0.04959903293185764
0 0.7257906436920166 0.6804380628797743 0.0263092041015625 0.05380486382378472
0 0.2444607734680176 0.6023216247558594 0.03685774803161621 0.04749637179904514
0 0.13447921276092528 0.5863147311740451 0.042537593841552736 0.05813971625434028
0 0.5055057525634765 0.43431209988064234 0.04407157897949219 0.05262366400824653
0 0.1469442367553711 0.6421630859375 0.04209370613098144 0.05233612060546875
0 0.19979878664016723 0.4895193311903212 0.04181640148162842 0.05165896945529514
0 0.45337114334106443 0.17753863864474825 0.0494720458984375 0.06781192355685764
0 0.07650691270828247 0.5782630920410157 0.04378231763839722 0.0968051486545139
0 0.29730920791625975 0.507220458984375 0.0258237361907959 0.05236460367838542
0 0.6827473640441895 0.038126161363389754 0.026413440704345703 0.06699286566840278
0 0.29928529262542725 0.9760094536675348 0.03170256614685059 0.04630686442057292
0 0.4651949882507324 0.14374525282118056 0.028291702270507812 0.04949400160047743
0 0.22263598442077637 0.45354012383355036 0.04487333297729492 0.06465572781032985
0 0.29984188079833984 0.021884240044487847 0.029803371429443358 0.04320119222005208
0 0.5466177983539094 0.8953501055542605 0.046939300411522625 0.07692667503688352
0 0.3017542362213135 0.8319626702202692 0.02982025146484375 0.04329952663845486
0 0.5521829989711935 0.9624428440786466 0.0529256687242798 0.07326245999085504
