0 0.7343943595886231 0.03574430677625868 0.041544342041015626 0.041549767388237846
0 0.8270941734313965 0.15483487447102864 0.03448753356933594 0.0446822272406684
0 0.8084575653076171 0.10306133694118924 0.039038658142089844 0.04775661892361111
0 0.7914403915405274 0.825306871202257 0.022876548767089843 0.06297030978732639
0 0.7023399353027344 0.511732906765408 0.027626228332519532 0.03972286648220486
0 0.584619140625 0.11519813537597656 0.02928476333618164 0.037795766194661455
0 0.3710090398788452 0.38786909315321183 0.022569894790649414 0.041100396050347224
0 0.4704761505126953 0.8234195285373264 0.023276710510253908 0.03381618923611111
0 0.287918758392334 0.7687891642252604 0.023211669921875 0.05746799045138889
0 0.4419562339782715 0.43142937554253474 0.01875276565551758 0.05026109483506944
0 0.9681589126586914 0.12492107815212673 0.028030014038085936 0.032890997992621525
0 0.5283311367034912 0.1493536631266276 0.025344657897949218 0.06252568562825521
0 0.3363011121749878 0.31070713467068145 0.03492059707641602 0.053203243679470484
0 0.07797013521194458 0.19532114664713543 0.019303011894226074 0.028289625379774305
0 0.32109310626983645 0.3441411124335395 0.02503628730773926 0.05386356777615017
0 0.7810897827148438 0.17573382059733073 0.022339725494384767 0.03711335923936632
0 0.3279332160949707 0.4865564982096354 0.022543811798095705 0.025052388509114582
0 0.808572793006897 0.8568778143988716 0.026427412033081056 0.04586368136935764
0 0.2947983264923096 0.4085720486111111 0.027173328399658202 0.043717108832465275
0 0.21220011711120607 0.3280440436469184 0.027709293365478515 0.049725172254774304
0 0.6675012111663818 0.6898798624674479 0.027442073822021483 0.04118008083767361
0 0.3414127349853516 0.42344072129991317 0.02552165985107422 0.036240471733940974
0 0.4590461730957031 0.2965562608506944 0.03169088363647461 0.06427103678385417
0 0.25368990898132326 0.14955079820421008 0.029116249084472655 0.044348059760199655
0 0.8578601837158203 0.5603849622938368 0.02196807861328125 0.04634975857204861
0 0.6251848220825196 0.10135023328993055 0.032718467712402347 0.04196963840060764
0 0.256878137588501 0.2604156494140625 0.020509815216064452 0.05467749701605903
0 0.7980376243591308 0.26929490831163194 0.031564521789550784 0.03289922078450521
0 0.43271541595458984 0.24367023044162325 0.0198516845703125 0.05808275010850694
0 0.2026602268218994 0.38050774468315973 0.019762039184570312 0.042803955078125
0 0.43550939559936525 0.169575924343533 0.02415332794189453 0.030057271321614582
0 0.7585139274597168 0.31147740681966146 0.019325065612792968 0.03263058132595486
0 0.42174434661865234 0.751068115234375 0.03238353729248047 0.037780083550347225
0 0.6356207847595214 0.3941596137152778 0.023177909851074218 0.043461439344618054
0 0.605877161026001 0.6121166653103298 0.020670223236083984 0.03441891140407986
0 0.21512417793273925 0.18382017347547744 0.024385833740234376 0.038878716362847225
0 0.4206732749938965 0.6129772610134548 0.02301788330078125 0.032354736328125
0 0.06118436455726624 0.12442838880750869 0.03005809783935547 0.04278106689453125
0 0.5789283275604248 0.5350618150499132 0.019544410705566406 0.03627590603298611
0 0.12474894523620605 0.45570949978298614 0.020360898971557618 0.048996988932291666
0 0.8774949073791504 0.19172583685980904 0.0289581298828125 0.0325376722547743
0 0.3127400875091553 0.4349334716796875 0.02381725311279297 0.04463467068142361
0 0.2378638505935669 0.6321733262803819 0.020176458358764648 0.03786824544270833
0 0.8351338386535645 0.8615814208984375 0.03056182861328125 0.0523435804578993
0 0.817930030822754 0.34529266357421873 0.02734222412109375 0.030845133463541667
0 0.8949930191040039 0.22526380750868055 0.02776679992675781 0.043988545735677086
0 0.9540622711181641 0.570902845594618 0.030337142944335937 0.03186984592013889
0 0.0984138548374176 0.8291567484537761 0.020292580127716064 0.03914761013454861
0 0.42748498916625977 0.45924555460611977 0.020055580139160156 0.043519083658854166
0 0.7409357070922852 0.13690719604492188 0.025188732147216796 0.046150885687934025
0 0.17662572860717773 0.2971453348795573 0.026695394515991212 0.035607231987847224
0 0.373927640914917 0.4834306504991319 0.02874164581298828 0.0286468505859375
0 0.7707721710205078 0.7902156405978733 0.025310325622558593 0.03819613986545139
0 0.359209942817688 0.9160452100965711 0.01974201202392578 0.04044935438368055
0 0.7288441181182861 0.21448881361219618 0.022332000732421874 0.03220130072699653
0 0.2253030300140381 0.2656884935167101 0.025686359405517577 0.06572452121310764
0 0.4028565526008606 0.4677032470703125 0.0301685094833374 0.036678907606336804
0 0.313641881942749 0.9183809068467882 0.03251628875732422 0.03601718478732639
0 0.8644433975219726 0.9336007012261285 0.02423095703125 0.04484965006510417
0 0.9078020095825196 0.554364013671875 0.02424278259277344 0.0268310546875
0 0.17878613471984864 0.8017206827799479 0.02688179016113281 0.03684794108072917
0 0.7629703521728516 0.6347747802734375 0.020752716064453124 0.04861077202690972
0 0.23699259757995605 0.29977425469292535 0.022059535980224608 0.06030493842230903
0 0.3509312629699707 0.7550175984700521 0.019353961944580077 0.0438446044921875
0 0.6315884590148926 0.16763602362738717 0.03320636749267578 0.0404541015625
0 0.2841500282287598 0.837817891438802 0.018834733963012697 0.03892144097222222
0 0.5854587554931641 0.46061842176649304 0.02069511413574219 0.05301632351345486
0 0.46708984375 0.4582960340711806 0.02368755340576172 0.03722161187065972
0 0.5211331367492675 0.8623367309570312 0.023192214965820312 0.0295684814453125
0 0.4297467231750488 0.35812310112847223 0.030686473846435545 0.048596700032552086
0 0.23118243217468262 0.16578784518771703 0.018171977996826173 0.04402567545572917
0 0.6762282848358154 0.22104543050130207 0.023462963104248048 0.02811406453450521
0 0.2290951728820801 0.5969207763671875 0.019948244094848633 0.04405975341796875
0 0.5073499202728271 0.8880894978841146 0.029236316680908203 0.03916727701822917
0 0.48340721130371095 0.4879082573784722 0.02155170440673828 0.03712870279947917
0 0.7116731643676758 0.3021224127875434 0.02779674530029297 0.026782565646701388
0 0.5165615081787109 0.43935021294487847 0.021221351623535157 0.03580898708767361
0 0.5719212532043457 0.9088452657063802 0.023506736755371092 0.05056610107421875
0 0.28957090377807615 0.34328494601779513 0.015235471725463866 0.03248358832465278
0 0.3369166851043701 0.7977968004014757 0.02315969467163086 0.04309963650173611
0 0.1281378984451294 0.10900870429144965 0.02066178321838379 0.05352817111545139
0 0.5307937145233155 0.8215590582953559 0.024470424652099608 0.028677537706163193
0 0.5648675441741944 0.8142777336968317 0.030177593231201172 0.03451809353298611
0 0.33894445896148684 0.6908003065321181 0.020462846755981444 0.025441148546006945
0 0.5280618667602539 0.9656223720974393 0.018658828735351563 0.05065205891927083
0 0.3254249572753906 0.518576897515191 0.022690629959106444 0.03613739013671875
0 0.04549691677093506 0.7015235900878907 0.016804099082946777 0.041172960069444445
0 0.34385342597961427 0.533119625515408 0.027921199798583984 0.04157019721137153
0 0.36765518188476565 0.7370618184407552 0.02054433822631836 0.030656941731770835
0 0.5251018524169921 0.34095187717013886 0.023827362060546874 0.032379828559027775
0 0.8571834564208984 0.8789452446831597 0.018212318420410156 0.03196919759114583
0 0.4000072360038757 0.2036495632595486 0.018693375587463378 0.034374830457899304
0 0.4510833263397217 0.7791599697536893 0.021413326263427734 0.036992390950520836
0 0.5872418403625488 0.8366604275173611 0.01560039520263672 0.045697021484375
0 0.2711245775222778 0.8635209825303819 0.019199228286743163 0.03226352267795139
0 0.513833475112915 0.9814630296495226 0.025629138946533202 0.031302388509114584
0 0.44425549507141116 0.810249752468533 0.018372535705566406 0.03024444580078125
0 0.8776721954345703 0.2502955118815104 0.025902557373046874 0.028244103325737846
0 0.6826987266540527 0.28336185879177517 0.026104164123535157 0.04440214369032118
0 0.33168113231658936 0.7629540337456597 0.02450566291809082 0.028379652235243056
0 0.34209251403808594 0.385428704155816 0.030582427978515625 0.02905544704861111
0 0.8944524765014649 0.5743865966796875 0.023176956176757812 0.024271647135416668
0 0.40247173309326173 0.2351536644829644 0.025453948974609376 0.03299772474500868
0 0.6320363998413085 0.8752344767252604 0.02062397003173828 0.033295694986979166
0 0.7510167598724365 0.3481321546766493 0.019348335266113282 0.028197733561197917
0 0.6197385787963867 0.22926364474826388 0.014362144470214843 0.040318467881944445
0 0.25711331367492674 0.32101236979166664 0.01918163299560547 0.04135843912760417
0 0.3134128006872852 0.9538468881252385 0.036780498281786936 0.026250477281405227
0 0.2982442010309278 0.8092306223749522 0.017719072164948457 0.03770523100420009
0 0.3089830326460481 0.9833428789614358 0.03758591065292099 0.03436426116838502
0 0.33905176116838487 0.984536082474227 0.03167955326460484 0.031977854142802555
0 0.37475837628865977 0.9738927071401299 0.028457903780068725 0.031023291332569525
0 0.36173754295532645 0.9831042382588774 0.020672250859106532 0.03484154257350122
