0 0.5978817939758301 0.4437557644314236 0.0678619384765625 0.111322021484375
0 0.4285555839538574 0.5888565063476563 0.0689004898071289 0.1366092258029514
0 0.03410199284553528 0.1774936252170139 0.06820398569107056 0.10904490152994792
0 0.7800180435180664 0.3642957051595052 0.09403648376464843 0.1523249308268229
0 0.2621340751647949 0.07847510443793403 0.06887750625610352 0.1475860595703125
0 0.4698314189910889 0.7453043619791667 0.06410350799560546 0.08012797037760416
0 0.6971538543701172 0.678261481391059 0.086602783203125 0.09546440972222223
0 0.13100258111953736 0.26586812337239585 0.08553225994110107 0.16471913655598958
0 0.5079153060913086 0.43853539360894095 0.10190258026123047 0.10235765245225695
0 0.4631021499633789 0.835485331217448 0.07516746520996094 0.10703938802083333
0 0.502750301361084 0.2307417975531684 0.10252189636230469 0.11569569905598959
0 0.37195701599121095 0.5058303833007812 0.07859764099121094 0.14529622395833333
0 0.45322275161743164 0.3214900546603733 0.07386665344238282 0.15524698893229166
0 0.1874124128141522 0.06650292074293322 0.08984540175999157 0.13425524676287617
0 0.7743405342102051 0.6701809353298611 0.07265911102294922 0.14267476399739584
0 0.36352875232696535 0.31668485005696617 0.049994277954101565 0.10312559339735243
0 0.513194465637207 0.553005133734809 0.08071508407592773 0.11219855414496528
0 0.5118525505065918 0.8868340386284722 0.08438434600830078 0.12954474555121528
0 0.10197844803333282 0.42708926730685765 0.05246695876121521 0.12600640190972223
0 0.8827543258666992 0.6563746982150608 0.08345928192138671 0.11848839653862847
0 0.8123011589050293 0.5810997856987847 0.06476840972900391 0.13600565592447916
0 0.2756983518600464 0.24905641343858506 0.08357853889465332 0.14324713812934028
0 0.7908313274383545 0.05071631537543403 0.058073902130126955 0.09593336317274305
0 0.8633522987365723 0.1806927998860677 0.09347057342529297 0.15094121297200522
0 0.22210412621498107 0.188946533203125 0.08532522916793824 0.1747743394639757
0 0.7028816223144532 0.024642520480685763 0.06789960861206054 0.048199632432725695
0 0.6043631553649902 0.7388892279730903 0.09442977905273438 0.08786655002170139
0 0.47488980293273925 0.17839855617947048 0.05900564193725586 0.1057829115125868
0 0.15792181069958847 0.12962962962962965 0.06430041152263376 0.1634659350708733
