0 0.1621549818250868 0.10585512816905976 0.09756266276041667 0.0949574053287506
0 0.061599646674262154 0.09906497001647949 0.09733547634548612 0.08349869251251221
0 0.26647042168511287 0.1431283712387085 0.08805389404296875 0.08393912315368653
0 0.6109141031901042 0.8821086883544922 0.1360076904296875 0.07329540252685547
0 0.07017962137858073 0.906805419921875 0.12503187391493056 0.05808563232421875
0 0.7076044718424479 0.1944168210029602 0.09492289225260417 0.08361079692840576
0 0.9459784613715277 0.9337651252746582 0.09947001139322917 0.08340625762939453
0 0.6872991773817274 0.3163588047027588 0.14549051920572917 0.0756342887878418
0 0.7843643188476562 0.38066935539245605 0.09172939724392361 0.043935394287109374
0 0.8523323906792535 0.6665719509124756 0.13133273654513888 0.05808601379394531
0 0.26728358798556856 0.4507590293884277 0.08989173041449652 0.06501140594482421
0 0.3576776928371853 0.04595583379268646 0.10100440979003907 0.08244263529777526
0 0.11118842230902778 0.8478785514831543 0.14514651828342015 0.09325008392333985
0 0.8254442850748698 0.5436345100402832 0.10461578369140626 0.08262805938720703
0 0.06271938747829861 0.737995958328247 0.12543877495659722 0.0642247200012207
0 0.9603136698404948 0.65304536819458 0.0764402601453993 0.07627754211425782
0 0.05422244601779514 0.36374697685241697 0.1049533420138889 0.05941162109375
0 0.5451161702473958 0.29902353286743166 0.13770345052083333 0.08342304229736328
0 0.47689022488064237 0.8740256309509278 0.13815239800347223 0.08045825958251954
0 0.052129109700520836 0.5427729606628418 0.09709947374131944 0.08130359649658203
0 0.7261236402723524 0.5178558349609375 0.09830288357204861 0.08658380508422851
0 0.4331390380859375 0.6200021743774414 0.07098236083984374 0.055387687683105466
0 0.123418214586046 0.1737889528274536 0.11226374308268229 0.060270833969116214
0 0.3817820231119792 0.8184663772583007 0.11888631184895833 0.10103874206542969
0 0.3808539284600152 0.3431232452392578 0.18432655334472656 0.0789064884185791
0 0.624533928765191 0.5134162902832031 0.10807088216145834 0.08882675170898438
0 0.21598180135091147 0.9107481002807617 0.11176511976453993 0.07395477294921875
0 0.028454335530598958 0.970285701751709 0.05415564643012153 0.05942859649658203
0 0.1610895792643229 0.9628105163574219 0.14571940104166667 0.07379150390625
0 0.2104496849907769 0.778052806854248 0.08030259874131944 0.06783409118652343
0 0.34641941918267144 0.9478523254394531 0.13949250115288628 0.07202377319335937
0 0.7736879136827257 0.9848780632019043 0.10713331434461805 0.030243873596191406
0 0.5763746473524306 0.5733805656433105 0.09083082411024306 0.05974025726318359
0 0.2914549085828993 0.7427616596221924 0.1602513631184896 0.07636451721191406
0 0.8802544487847223 0.449923038482666 0.1165618896484375 0.06480579376220703
0 0.2876147800021701 0.9841107368469239 0.10816904703776041 0.03177852630615234
0 0.9633481343587239 0.7072859764099121 0.07330373128255209 0.06654624938964844
0 0.6769438001844618 0.9471841812133789 0.1248748779296875 0.06658897399902344
0 0.2785698784722222 0.814336609840393 0.08574998643663194 0.07260088920593262
