0 0.7535155402289496 0.534025764465332 0.10593329535590278 0.07085342407226562
0 0.6373636881510417 0.5544329643249511 0.09257642957899305 0.06404266357421876
0 0.5341445922851562 0.5661064147949219 0.11218024359809028 0.05268411636352539
0 0.26355819702148436 0.7079424858093262 0.10730845133463542 0.036319923400878903
0 0.42874764336480037 0.5734216690063476 0.07817331949869792 0.061098670959472655
0 0.2879423353407118 0.2088534116744995 0.0958345201280382 0.06088433265686035
0 0.7133993360731337 0.8187131881713867 0.08586883544921875 0.050016021728515624
0 0.3255417717827691 0.9648122787475586 0.12958492702907987 0.05261077880859375
0 0.2209955851236979 0.7497037887573242 0.06322191026475694 0.050631141662597655
0 0.2748367733425564 0.2534473896026611 0.11604402330186632 0.0372624397277832
0 0.9548177083333333 0.4065022587776184 0.08485378689236112 0.06771867275238037
0 0.07944463094075521 0.7818087100982666 0.14236297607421874 0.05913724899291992
0 0.6272564358181424 0.6208547592163086 0.11960398356119792 0.04407787322998047
0 0.2646158006456163 0.8614660263061523 0.07187618679470487 0.051198577880859374
0 0.09904624091254341 0.23988831043243408 0.09805094401041667 0.043207216262817386
0 0.9582525465223525 0.2049622118473053 0.07044830322265624 0.06327017545700073
0 0.1265352037217882 0.9213784217834473 0.12536994086371528 0.040294456481933597
0 0.6047010633680555 0.17340632677078247 0.15591600206163195 0.054027438163757324
0 0.7938456217447917 0.5801300048828125 0.10502268473307291 0.038761138916015625
0 0.324621327718099 0.3339702606201172 0.058560350206163195 0.05174031257629395
0 0.5958774990505642 0.977875804901123 0.08265533447265624 0.04424839019775391
0 0.6993882921006944 0.5130499362945556 0.07528873019748264 0.041211605072021484
0 0.5819880167643229 0.5989011287689209 0.05723198784722222 0.045032501220703125
