0 0.4997248331705729 0.864925765991211 0.06539171006944444 0.053765869140625
0 0.6812056647406683 0.6974379539489746 0.07465023464626735 0.055051231384277345
0 0.4489676581488715 0.8873287200927734 0.04456515842013889 0.04579315185546875
0 0.39920433892144097 0.8915407180786132 0.055828857421875 0.029878616333007812
0 0.2169743431939019 0.7649981498718261 0.08641510009765625 0.03827810287475586
0 0.42435980902777776 0.17340781688690185 0.05653516981336806 0.028183174133300782
0 0.2804698944091797 0.6344204902648926 0.05312042236328125 0.030406093597412108
0 0.5146621704101563 0.37536911964416503 0.07124972873263889 0.03628144264221191
0 0.7716013590494791 0.737159252166748 0.07760891384548611 0.03304843902587891
0 0.7315080430772569 0.4747753143310547 0.037261284722222225 0.032756996154785153
0 0.9199450174967448 0.861094856262207 0.06232723659939236 0.028836441040039063
0 0.2853989495171441 0.5590197563171386 0.07242101033528646 0.026913261413574217
0 0.3821923149956597 0.6366560935974122 0.07011667887369792 0.05366640090942383
0 0.6873731825086805 0.9208035469055176 0.06927015516493056 0.027272605895996095
0 0.4846905178493924 0.6732782840728759 0.05504150390625 0.03555488586425781
0 0.10415721469455295 0.7418367385864257 0.06078728569878472 0.03608274459838867
0 0.23836360507541232 0.37481424808502195 0.045632425944010416 0.03944649696350098
0 0.5329561021592882 0.654148006439209 0.04419369167751736 0.0333308219909668
0 0.44824473063151044 0.06375298500061036 0.06394110785590278 0.023261475563049316
0 0.8931997511121962 0.6900425434112549 0.04282141791449653 0.03462696075439453
0 0.6589891221788194 0.13599191904067992 0.05440334743923611 0.030923056602478027
0 0.8096549987792969 0.14024648666381836 0.046513536241319445 0.043502521514892575
0 0.5058562384711371 0.5613845825195313 0.0692506578233507 0.02627429962158203
0 0.8162055969238281 0.33092331886291504 0.060809495713975696 0.038950538635253905
0 0.5160980224609375 0.5972063064575195 0.05152723524305555 0.043059921264648436
0 0.7136925591362847 0.8166355133056641 0.053101264105902775 0.04221954345703125
0 0.7845881991916233 0.7953544139862061 0.07193790011935763 0.028876590728759765
0 0.5090576171875 0.1256195068359375 0.052942911783854164 0.02054176330566406
0 0.5037804497612848 0.7536389350891113 0.05578070746527778 0.03664131164550781
0 0.35925428602430554 0.20991530418395996 0.07215304904513889 0.026723527908325197
0 0.06363296508789062 0.23749864101409912 0.03905266655815972 0.035616827011108396
0 0.8137064615885417 0.3863764524459839 0.06897752549913194 0.023906803131103514
0 0.10831951565212673 0.2581824779510498 0.06258951822916667 0.02572603225708008
0 0.9082682291666667 0.11048500835895539 0.05454610188802083 0.04002050757408142
0 0.9212924533420139 0.7767690181732178 0.062396409776475696 0.03473119735717774
0 0.8441763983832465 0.802371883392334 0.04935031467013889 0.032762908935546876
0 0.23334774441189235 0.04285985231399536 0.04986114501953125 0.035593950748443605
0 0.36982209947374134 0.45841264724731445 0.0575044420030382 0.033010673522949216
0 0.8276780022515191 0.2866907835006714 0.06500600179036459 0.027285194396972655
0 0.3076505872938368 0.7809221267700195 0.0518129136827257 0.048743247985839844
0 0.1034867180718316 0.6227994918823242 0.06276719835069444 0.03505840301513672
0 0.9386416965060764 0.8092753410339355 0.08456793891059028 0.030309486389160156
0 0.37307959662543405 0.1795910120010376 0.059485371907552084 0.039355802536010745
0 0.4897176954481337 0.19101749658584594 0.05828501383463542 0.03690335750579834
0 0.3214342753092448 0.3773501396179199 0.042738850911458334 0.031908702850341794
0 0.2323447757297092 0.4230329990386963 0.08411865234375 0.029160308837890624
0 0.5802594502766927 0.8233112335205078 0.059704759385850695 0.04182415008544922
0 0.22128007676866318 0.452836799621582 0.050376976860894096 0.028946113586425782
0 0.2140388912624783 0.2636295795440674 0.047728814019097225 0.034407424926757815
0 0.6674229092068142 0.832243537902832 0.0410673353407118 0.03296604156494141
0 0.6619347466362847 0.5322033405303955 0.056595526801215275 0.027792644500732423
0 0.7691148546006944 0.6550019264221192 0.060933091905381945 0.026491260528564452
0 0.31762364705403645 0.18390376567840577 0.044047037760416664 0.030435943603515626
0 0.7275405883789062 0.8477807998657226 0.059661187065972225 0.02943572998046875
0 0.4090123494466146 0.0825079321861267 0.04286905924479167 0.03397157192230225
0 0.9570259941948784 0.7633551120758056 0.04897427029079861 0.04191675186157227
0 0.32000935872395836 0.308595871925354 0.05198618570963542 0.026367998123168944
0 0.17173580593532986 0.7850046634674073 0.04681769476996528 0.039485836029052736
0 0.532304212782118 0.9019094467163086 0.06288282606336805 0.0491668701171875
0 0.0321946038140191 0.2166071891784668 0.04849260118272569 0.02845602035522461
0 0.8235485500759548 0.2545203447341919 0.08094312879774306 0.03884429931640625
0 0.5216244167751736 0.3029080867767334 0.052916802300347225 0.03498959541320801
0 0.7513010660807292 0.35965938568115235 0.04633958604600694 0.03847312927246094
0 0.9027423434787326 0.2899341583251953 0.07274712456597222 0.040703773498535156
0 0.8826644049750434 0.8187002182006836 0.05893164740668403 0.028519058227539064
0 0.08015255398220486 0.4791281700134277 0.04616343180338542 0.028380966186523436
0 0.9836970011393229 0.28967311382293703 0.03260599772135417 0.033987569808959964
0 0.028889634874131945 0.1877704381942749 0.04697113037109375 0.03079500198364258
0 0.1410026126437717 0.3520636081695557 0.0911423577202691 0.05520696640014648
0 0.017745208740234376 0.1597034215927124 0.032328965928819446 0.026398468017578124
0 0.879377916124132 0.531440258026123 0.03684861924913194 0.028844451904296874
0 0.26133223639594183 0.17736772298812867 0.03438788519965278 0.027032232284545897
0 0.27005428738064235 0.8238389968872071 0.06405131022135417 0.021850204467773436
0 0.6628878275553386 0.2597081184387207 0.032420179578993055 0.030368995666503907
0 0.7700117323133681 0.5018657684326172 0.04686143663194445 0.033905029296875
0 0.3423940870496962 0.007089032977819443 0.05767686631944444 0.014068441092967987
0 0.532282002766927 0.8137605667114258 0.05977834065755208 0.02796592712402344
0 0.7712133933487252 0.4642252303935864 0.04605057955769338 0.037984724398012544
0 0.19046461317274305 0.12751685380935668 0.033725145128038196 0.02442176342010498
0 0.9825074937608507 0.7920448303222656 0.03483751085069445 0.04283332824707031
0 0.9770126342773438 0.8285058975219727 0.044698079427083336 0.027113723754882812
0 0.11516977945963541 0.3834268093109131 0.03883344862196181 0.02492666244506836
0 0.22365264892578124 0.7957592487335206 0.06110178629557292 0.026434993743896483
0 0.7349230448404948 0.3137312173843384 0.03894026014539931 0.024747419357299804
0 0.3847476535373264 0.3098764419555664 0.04283277723524306 0.020683765411376953
0 0.7563912285698785 0.8152147531509399 0.039821031358506946 0.03341860771179199
0 0.34397311740451386 0.6325303077697754 0.035125054253472225 0.023151397705078125
0 0.5684308369954427 0.5833389759063721 0.0309722900390625 0.022574138641357423
0 0.825028822157118 0.20665352344512938 0.0448211669921875 0.029624319076538085
0 0.38061743842230905 0.5154824256896973 0.07155219184027778 0.0240509033203125
0 0.4974707709418403 0.5221923351287842 0.05540296766493055 0.02670888900756836
0 0.6848501417371962 0.005771299451589584 0.03772176106770833 0.011469694972038268
0 0.977366255144033 0.5257647479021991 0.04526748971193418 0.036483199508101846
0 0.4527299669053819 0.08689139485359192 0.035033162434895834 0.018330180644989015
0 0.7105082194010417 0.27515606880187987 0.040594482421875 0.031210041046142577
