0 0.38983900282118056 0.4166246294975281 0.10847625732421876 0.0842775583267212
0 0.6548309326171875 0.12298367023468018 0.10109693739149306 0.0413759708404541
0 0.1409537845187717 0.05102151483297348 0.11165110270182292 0.0820166140794754
0 0.653250969780816 0.20528478622436525 0.11641303168402778 0.05951104164123535
0 0.3686387803819444 0.16792697906494142 0.0825071546766493 0.0635706901550293
0 0.4640046861436632 0.1938704490661621 0.12112443712022569 0.07550363540649414
0 0.4718714396158854 0.323564338684082 0.08334418402777778 0.06668767929077149
0 0.9570070054796007 0.17278798818588256 0.08313191731770833 0.06308648586273194
0 0.28092117309570314 0.6760952949523926 0.14118431939019097 0.05561542510986328
0 0.6237153795030382 0.3307687282562256 0.07598436143663194 0.05207533836364746
0 0.5531982421875 0.6612492084503174 0.08836737738715278 0.039922142028808595
0 0.705751715766059 0.25704193115234375 0.07568495008680555 0.05999937057495117
0 0.4812948438856337 0.2631427764892578 0.1173982408311632 0.04641666412353516
0 0.8508283827039931 0.9212104797363281 0.11164025200737847 0.07054214477539063
0 0.28424708048502606 0.29059224128723143 0.1012357923719618 0.07514400482177734
0 0.738503180609809 0.20839812755584716 0.06711832682291667 0.06001129150390625
0 0.960971917046441 0.12416626214981079 0.07718980577256944 0.0606245756149292
0 0.684498765733507 0.6970879554748535 0.1048397488064236 0.06980705261230469
