0 0.5635679456922743 0.24106762409210206 0.10465257432725694 0.06435070037841797
0 0.29503517150878905 0.4515543460845947 0.11567374335394966 0.0834127426147461
0 0.2890401204427083 0.7690728187561036 0.13924357096354167 0.07252674102783203
0 0.49398651123046877 0.29934329986572267 0.0925869411892361 0.07003669738769532
0 0.43654259575737847 0.8348457336425781 0.09571753607855903 0.08059558868408204
0 0.867716556125217 0.7319730281829834 0.08098839653862847 0.07383899688720703
0 0.641798570421007 0.34827170372009275 0.11013895670572917 0.06662197113037109
0 0.22005882263183593 0.9049113273620606 0.0958754645453559 0.06889629364013672
0 0.9417148166232638 0.5192026138305664 0.10614963107638889 0.07574129104614258
0 0.6279376559787326 0.29375462532043456 0.128851318359375 0.0491755485534668
0 0.5541042751736112 0.342515230178833 0.06393398708767362 0.05513696670532227
0 0.9563684251573351 0.2132364809513092 0.0807863023546007 0.06696051359176636
0 0.9680473327636718 0.6369314193725586 0.06353827582465278 0.07441110610961914
0 0.9531929863823785 0.3398405075073242 0.09187486436631945 0.05735526084899902
0 0.9134773254394531 0.3738101005554199 0.11757541232638889 0.049159812927246097
0 0.3844803704155816 0.8099288940429688 0.07871551513671875 0.036622047424316406
0 0.6265904744466145 0.2171333372592926 0.09165886773003472 0.07495802640914917
0 0.35219684176974825 0.8458675384521485 0.08023257785373264 0.03572998046875
0 0.9808939615885417 0.04576635062694549 0.037528143988715276 0.06574874520301818
0 0.9193114386664496 0.4320955276489258 0.10714806450737847 0.037373924255371095
