0 0.7078904893663195 0.2986855983734131 0.10250498453776041 0.07685966491699218
0 0.18428751627604167 0.7482945442199707 0.14061881171332466 0.09395618438720703
0 0.10321790907118056 0.4234904408454895 0.10070987277560764 0.08808820247650147
0 0.948239983452691 0.1865138292312622 0.10267656114366319 0.08519296646118164
0 0.07686954074435765 0.6629810810089112 0.13778042263454862 0.10117969512939454
0 0.6709109836154514 0.4057144045829773 0.11739095052083333 0.08700411319732666
0 0.2059595743815104 0.3486521244049072 0.1027645534939236 0.06149001121520996
0 0.05396762424045139 0.08499341011047364 0.1035795423719618 0.11757616996765137
0 0.9323762681749131 0.9811312675476074 0.1156005859375 0.037737464904785155
0 0.4751495361328125 0.4133255958557129 0.13670756022135416 0.10066776275634766
0 0.4997234768337674 0.0214109867811203 0.11010640462239583 0.042817705869674684
0 0.5003521389431423 0.8262187004089355 0.16202494303385417 0.07388820648193359
0 0.7729498121473525 0.3636539697647095 0.1478519015842014 0.05875239372253418
0 0.7902932061089409 0.9099573135375977 0.09111802842881944 0.07607231140136719
0 0.48297339545355905 0.5002121925354004 0.15556471082899306 0.077484130859375
0 0.494366455078125 0.9853971481323243 0.07716573079427083 0.028971099853515626
