0 0.3306134541829427 0.16538212299346924 0.1148529052734375 0.044417500495910645
0 0.06001112196180555 0.2638328790664673 0.11628028021918403 0.054769134521484374
0 0.26788736979166666 0.05322444438934326 0.1680628458658854 0.06426347494125366
0 0.8088354322645399 0.5951625823974609 0.11151343451605902 0.039516353607177736
0 0.7480485704210069 0.8550600051879883 0.09436136881510417 0.06357841491699219
0 0.4933588663736979 0.7202706336975098 0.15159369574652778 0.053137779235839844
0 0.45381011962890627 0.35895256996154784 0.082757568359375 0.06231842041015625
0 0.06622606913248698 0.5092694282531738 0.10293189154730903 0.03525753021240234
0 0.8590369330512153 0.4526084899902344 0.097894287109375 0.039778709411621094
0 0.6514119466145833 0.7826876640319824 0.12324388292100695 0.04692058563232422
0 0.5904789394802518 0.2764080047607422 0.10421837700737847 0.03703651428222656
0 0.5577917310926649 0.1917572259902954 0.07486979166666667 0.06453437805175781
0 0.4580999586317274 0.24712662696838378 0.11277092827690972 0.038228511810302734
0 0.5429292466905382 0.35878305435180663 0.09694112141927083 0.03863534927368164
0 0.4930712381998698 0.4234054684638977 0.12452782524956597 0.04921262264251709
0 0.15615022447374133 0.5141078948974609 0.08319481743706597 0.06291847229003907
0 0.11315884060329862 0.5647249221801758 0.12319369845920139 0.039818954467773435
0 0.6459818522135417 0.13371992111206055 0.0707889133029514 0.04180026054382324
0 0.7296991136338976 0.27126212120056153 0.09746805826822917 0.04040031433105469
0 0.3001929389105903 0.9838169097900391 0.08619825575086805 0.032349014282226564
0 0.7556459214952257 0.16739091873168946 0.08179389105902778 0.041406774520874025
0 0.1587021721733941 0.5932608604431152 0.11561211480034722 0.03513660430908203
0 0.21102439032660592 0.6162281513214112 0.08499247233072917 0.03871450424194336
