0 0.3037580278184679 0.3402949333190918 0.14357325236002605 0.10695323944091797
0 0.6322245279947917 0.45242109298706057 0.1568240695529514 0.07179403305053711
0 0.5120875040690104 0.6068541526794433 0.12982415093315972 0.05689373016357422
0 0.6529876708984375 0.6687532901763916 0.0937164306640625 0.09223155975341797
0 0.5876893785264757 0.7702277183532715 0.12732730441623263 0.07489128112792968
0 0.9189251369900173 0.09991679191589356 0.1060061984592014 0.08741698265075684
0 0.5121186998155381 0.886601448059082 0.1421383327907986 0.054866790771484375
0 0.18430235120985244 0.3803881645202637 0.15656856960720486 0.0948629379272461
0 0.07734688652886285 0.41990089416503906 0.15231492784288195 0.07825078964233398
0 0.5371707492404514 0.8319457054138184 0.12347174750434028 0.05457382202148438
0 0.8855566236707899 0.3636496067047119 0.1275456746419271 0.08129081726074219
0 0.5495152791341146 0.9347545623779296 0.14476742214626737 0.05971584320068359
0 0.6723626030815972 0.9381715774536132 0.10708109537760417 0.08476028442382813
0 0.6230638292100694 0.8958318710327149 0.08399929470486112 0.04157600402832031
