0 0.04016397264268663 0.05973612666130066 0.07848765055338541 0.08284319639205932
0 0.3970593770345052 0.6065578937530518 0.11449652777777777 0.06371536254882812
0 0.8009589301215277 0.4925975799560547 0.09173210991753472 0.0584869384765625
0 0.8537462022569444 0.8954809188842774 0.13474494086371527 0.062191009521484375
0 0.6208226521809895 0.3783876419067383 0.11426222059461806 0.08261089324951172
0 0.15515348646375868 0.192279851436615 0.12327626546223959 0.071848464012146
0 0.7845959981282552 0.2435662031173706 0.10447879367404514 0.07649612426757812
0 0.499377187093099 0.5861305236816406 0.0893707275390625 0.07878303527832031
0 0.9659258524576823 0.6638069152832031 0.06814829508463542 0.047783184051513675
0 0.3853778415256076 0.1669932246208191 0.20083380805121528 0.082143235206604
0 0.7174825880262586 0.3431988716125488 0.11301116943359375 0.0926065444946289
0 0.9601423475477431 0.7176290988922119 0.07587890625 0.05990924835205078
0 0.17421451144748265 0.36957459449768065 0.10486365424262153 0.046466636657714847
0 0.11177546183268229 0.2565065860748291 0.10224151611328125 0.06951074600219727
0 0.528131103515625 0.2536015510559082 0.12616950141059027 0.06165924072265625
0 0.29916920132107205 0.5107371807098389 0.16491707695855035 0.06408653259277344
0 0.26231358846028646 0.5680456161499023 0.09392852783203125 0.05260677337646484
0 0.8903896755642361 0.2253122091293335 0.09665595160590278 0.07236971855163574
0 0.5979175143771701 0.18882453441619873 0.12412448459201389 0.09546995162963867
0 0.5453262329101562 0.31017394065856935 0.15114983452690972 0.06607389450073242
0 0.4992457071940104 0.03503565490245819 0.10314297146267361 0.07007130980491638
0 0.7590299818250869 0.9253082275390625 0.08155466715494791 0.0620086669921875
0 0.6891681247287327 0.41517297029495237 0.10296257866753472 0.06269032955169677
0 0.7990122477213542 0.09098526239395141 0.13607008192274306 0.07037029266357422
0 0.13417078653971354 0.932398796081543 0.09483701917860243 0.06853523254394531
0 0.1042806413438585 0.031005045771598815 0.10037375556098091 0.06186923384666443
0 0.5027616712782118 0.18419989347457885 0.07626817491319444 0.07678773403167724
0 0.11765569051106771 0.32542848587036133 0.11243040296766493 0.093792724609375
0 0.7747500949435764 0.41068830490112307 0.09207763671875 0.0705794334411621
0 0.6136927286783854 0.2964761734008789 0.08129170735677084 0.07081165313720703
0 0.24824947781032985 0.6297795295715332 0.12306620279947916 0.07727851867675781
0 0.7772962782118056 0.8444141387939453 0.07300855848524306 0.06674156188964844
0 0.055016284518771705 0.17507598400115967 0.102813720703125 0.10173625946044922
0 0.6656058417426215 0.25536484718322755 0.13322957356770834 0.05062170028686523
0 0.11605631510416667 0.10725793540477753 0.14197336832682292 0.08275766968727112
0 0.9395089891221788 0.5248614311218261 0.11389244927300347 0.060131263732910153
0 0.34697045220269096 0.0209171324968338 0.1303032769097222 0.0418342649936676
0 0.36458460489908856 0.7962471961975097 0.11097869873046876 0.08967800140380859
0 0.6943354288736979 0.03841696977615357 0.1505194769965278 0.07015097141265869
0 0.03930146959092882 0.30041472911834716 0.07860293918185764 0.05514616966247558
0 0.1926431443956163 0.5960024833679199 0.08504876030815972 0.06693592071533203
0 0.9510899013943143 0.602825927734375 0.09782019721137153 0.06440658569335937
0 0.31301727294921877 0.255249547958374 0.13654615614149307 0.04582028388977051
0 0.11525658501519097 0.8114456176757813 0.15435791015625 0.06546573638916016
0 0.23618011474609374 0.7736543655395508 0.10637342664930556 0.06749267578125
0 0.13276468912760417 0.7232327938079834 0.0908233642578125 0.08049736022949219
0 0.41031612820095487 0.4029129147529602 0.1494540744357639 0.050999999046325684
0 0.5848607381184896 0.8195707321166992 0.08759223090277778 0.06389369964599609
0 0.538502671983507 0.6841061592102051 0.14133707682291666 0.07792549133300782
0 0.5819330851236979 0.42273558378219606 0.08181627061631945 0.05589373111724853
0 0.8548672146267361 0.03636244535446167 0.1291234334309896 0.06592202186584473
0 0.9365865919325087 0.44728970527648926 0.10348052978515625 0.03849496841430664
0 0.8961934407552083 0.77718505859375 0.09452158610026042 0.06534767150878906
0 0.5828864203559028 0.6140953063964844 0.15216098361545138 0.0900381088256836
0 0.9576477474636502 0.31553623676300047 0.08470450507269965 0.08463244438171387
0 0.38437042236328123 0.34383487701416016 0.1177215576171875 0.06880221366882325
0 0.16567026774088542 0.5138744354248047 0.14859932793511285 0.04426155090332031
0 0.965686289469401 0.22538459300994873 0.06686553955078126 0.06325716972351074
0 0.21667514377170138 0.44171981811523436 0.09012705485026042 0.09284067153930664
0 0.5905848185221354 0.021406151354312897 0.11379496256510417 0.04281230270862579
0 0.03315747578938802 0.7127740859985352 0.06270929972330729 0.07164974212646484
0 0.6474738226996528 0.4664372444152832 0.13644578721788195 0.04919357299804687
0 0.9149293687608507 0.39191384315490724 0.11334771050347223 0.07960453033447265
0 0.8216946072048611 0.6920865058898926 0.07814229329427083 0.0665506362915039
0 0.4119486490885417 0.5176712036132812 0.07562798394097223 0.06930789947509766
0 0.45406663682725695 0.4850790023803711 0.13612467447916668 0.06452465057373047
0 0.11236597696940104 0.6367648124694825 0.13609839545355903 0.07872352600097657
0 0.8017570495605468 0.7619274616241455 0.10762854682074653 0.08083772659301758
0 0.24852502610948352 0.034806454181671144 0.13277477688259548 0.05081353187561035
0 0.7102777269151476 0.5962658882141113 0.10127749972873264 0.05632305145263672
0 0.49522103203667533 0.4455838680267334 0.14230889214409723 0.05471725463867187
0 0.8288894653320312 0.5812342643737793 0.14431949191623264 0.051631736755371097
0 0.8340423583984375 0.5389691352844238 0.1333255343967014 0.049675941467285156
0 0.026988559299045138 0.42949303388595583 0.0525254143608941 0.07106859683990478
0 0.856572977701823 0.8367575645446778 0.09563412136501737 0.07900257110595703
0 0.6680916680230035 0.8282310247421265 0.08048638237847222 0.05808911323547363
0 0.11985109117296007 0.5650872230529785 0.10831714206271702 0.055339813232421875
0 0.6548556857638889 0.6508169174194336 0.1540130615234375 0.06800270080566406
0 0.6683019002278646 0.5176112174987793 0.14565277099609375 0.051201248168945314
0 0.022514724731445314 0.4986098766326904 0.04432245890299479 0.05639982223510742
0 0.04745695326063368 0.9519092559814453 0.0933304680718316 0.09166145324707031
0 0.4684756808810764 0.7934170722961426 0.14866502549913194 0.06852035522460938
0 0.4895170423719618 0.7385960102081299 0.16112636990017362 0.059155941009521484
0 0.971142832438151 0.7579800605773925 0.05771433512369792 0.04041843414306641
0 0.8798129611545139 0.7045902252197266 0.108526611328125 0.08467082977294922
0 0.5525870429144966 0.5009044647216797 0.08912082248263889 0.054094696044921876
0 0.7202000935872396 0.886174488067627 0.07457139756944445 0.03340854644775391
0 0.2999751620822483 0.8282933235168457 0.09450819227430556 0.07395458221435547
0 0.6574381510416667 0.5584712028503418 0.09825846354166666 0.03999042510986328
0 0.39107343885633683 0.4547275543212891 0.10548485649956597 0.04328155517578125
0 0.7283950617283949 0.48726851851851855 0.10699588477366244 0.07754629629629636
