0 0.2660318586561415 0.31599888801574705 0.1076859368218316 0.052838134765625
0 0.22040439181857638 0.3847940444946289 0.156315188937717 0.05053110122680664
0 0.060962486267089847 0.10323266685009003 0.12192497253417969 0.05573163628578186
0 0.9149176703559028 0.466550874710083 0.09320203993055555 0.06784591674804688
0 0.8109330071343316 0.18426731824874878 0.18441738552517362 0.07018091678619384
0 0.6272918701171875 0.5839482307434082 0.1549404568142361 0.05500526428222656
0 0.8068423800998263 0.5832252502441406 0.12161831325954861 0.07319841384887696
0 0.9160284254286024 0.5337082862854003 0.09765252007378472 0.06437244415283203
0 0.36262972089979384 0.9328834533691406 0.09781184726291232 0.0756561279296875
0 0.4567026774088542 0.14958590269088745 0.1382110595703125 0.05066843032836914
0 0.0709039052327474 0.2748115062713623 0.1397231207953559 0.05003662109375
0 0.8910430908203125 0.06590149998664856 0.10462917751736112 0.06882480382919312
0 0.14657787746853299 0.14944963455200194 0.13250308566623265 0.05568275451660156
0 0.759259033203125 0.2492391586303711 0.11263088650173611 0.04468240737915039
0 0.7059646606445312 0.49248342514038085 0.08372429741753472 0.03957061767578125
0 0.2545759412977431 0.23064861297607422 0.08336029052734376 0.0756798267364502
0 0.9775312635633681 0.5277929306030273 0.04107666015625 0.042566680908203126
0 0.7182257758246527 0.22334351539611816 0.09094814724392361 0.040987682342529294
0 0.6263051350911458 0.8974071502685547 0.1009767320421007 0.0377288818359375
0 0.8539399888780382 0.9249229431152344 0.11311713324652778 0.04434700012207031
