0 0.07663553025987413 0.6057697772979737 0.1470715840657552 0.06419792175292968
0 0.7767344156901042 0.9408361434936523 0.12187737358940973 0.08852291107177734
0 0.6127432929144965 0.5018685340881348 0.12682630750868057 0.08961296081542969
0 0.9517616271972656 0.9419070243835449 0.0909300062391493 0.059693336486816406
0 0.5725845336914063 0.9367233276367187 0.09292534722222222 0.08317604064941406
0 0.3782177395290799 0.7671796798706054 0.11182691786024306 0.06300497055053711
0 0.25413055419921876 0.7915650367736816 0.1758602566189236 0.0987081527709961
0 0.39975797865125867 0.9604894638061523 0.10433688693576389 0.05502777099609375
0 0.46326675415039065 0.9089742660522461 0.11468370225694445 0.055586624145507815
0 0.39966057671440974 0.5756512641906738 0.08675672743055556 0.0637735366821289
0 0.7610469394259982 0.7634299278259278 0.13033277723524306 0.06983718872070313
0 0.14062071906195747 0.1032055824995041 0.12528305053710936 0.057719331979751584
0 0.6213773091634115 0.6288622856140137 0.08760765923394097 0.04030933380126953
0 0.5526160346137152 0.7287691593170166 0.09536336263020834 0.06516666412353515
0 0.724786376953125 0.6418192863464356 0.12117648654513889 0.06756839752197266
0 0.21144112481011285 0.8603377342224121 0.17472432454427084 0.04843826293945312
0 0.7828384399414062 0.25593581199646 0.12723524305555556 0.03940238952636719
0 0.7523401896158854 0.3306674242019653 0.08578932020399306 0.05969843864440918
0 0.20200280083550348 0.020804105699062346 0.10968560112847223 0.041575482487678526
0 0.02669618394639757 0.4858227729797363 0.05050693088107639 0.05805950164794922
0 0.8712619357638889 0.9479560852050781 0.08123135036892361 0.06090126037597656
0 0.14799474080403646 0.777423095703125 0.13678054809570311 0.07603206634521484
0 0.6834125094943576 0.5720271110534668 0.11255560980902778 0.09467792510986328
0 0.514825439453125 0.8583511352539063 0.07785237630208333 0.06651535034179687
0 0.08987596299913195 0.43366522789001466 0.11786829630533854 0.0549656867980957
0 0.1278399149576823 0.8918266296386719 0.07364298502604166 0.05172386169433594
0 0.9216445075141059 0.33195061683654786 0.10597500271267361 0.05113534927368164
0 0.44672249688042537 0.09510637521743774 0.10562778049045139 0.07519264221191406
0 0.7868728637695312 0.6628152847290039 0.07598876953125 0.055629539489746097
0 0.6333545260959201 0.8079068183898925 0.14634738498263888 0.07258224487304688
0 0.29914237128363713 0.02471289336681366 0.08372107611762153 0.04859246611595154
0 0.8434075249565972 0.6660447120666504 0.10007459852430556 0.061792755126953126
0 0.7165952894422744 0.7033212184906006 0.08839179144965278 0.057776355743408205
0 0.6317940606011285 0.8688520431518555 0.15457187228732638 0.070184326171875
0 0.7591605292426216 0.2942478656768799 0.11338840060763888 0.05126056671142578
0 0.5041902330186632 0.9820786476135254 0.12271864149305556 0.035790443420410156
