0 0.43507859971788193 0.24376344680786133 0.1567170884874132 0.06491432189941407
0 0.8902699788411458 0.21689948439598083 0.08470950656467013 0.059577763080596924
0 0.6780299716525607 0.955868148803711 0.09238874647352431 0.08479080200195313
0 0.44995371500651044 0.7733343124389649 0.0959687974717882 0.09422473907470703
0 0.15185835096571182 0.558204984664917 0.09252183702256944 0.057117652893066403
0 0.5660229153103299 0.2553946256637573 0.10583563910590278 0.062052154541015626
0 0.09148212009006076 0.8827047348022461 0.08739217122395833 0.072149658203125
0 0.5184488084581164 0.9731032371520996 0.1136106703016493 0.05368804931640625
0 0.8016867743598091 0.9681999206542968 0.08511555989583333 0.057473373413085935
0 0.7451427035861545 0.30019965171813967 0.08192511664496528 0.06720209121704102
0 0.7093493143717448 0.8409887313842773 0.11964569091796876 0.048023414611816403
0 0.17898924085828993 0.8536270141601563 0.14788309733072916 0.06855545043945313
0 0.3011720021565755 0.7614367485046387 0.14307632446289062 0.051839447021484374
0 0.5465011596679688 0.7998090744018554 0.11191609700520834 0.04970626831054688
0 0.5349108378092448 0.3752600193023682 0.1067445543077257 0.05053892135620117
0 0.6084656609429253 0.6783308982849121 0.0907530042860243 0.06996994018554688
0 0.6455656263563369 0.36316795349121095 0.127984619140625 0.04617433547973633
0 0.04467756483289931 0.34763369560241697 0.08720592922634549 0.04642152786254883
0 0.03933512369791667 0.9161828994750977 0.07331042819552952 0.05599555969238281
0 0.05646298726399739 0.9639417648315429 0.11292597452799479 0.04969978332519531
0 0.2847467210557726 0.08698594570159912 0.11883188883463541 0.05716729164123535
0 0.40173187255859377 0.4934228897094727 0.09438273111979166 0.039931869506835936
0 0.3569002787272135 0.7915070533752442 0.09443918863932292 0.033600807189941406
0 0.7609995524088542 0.23689031600952148 0.10242207845052083 0.041826629638671876
0 0.9631925794813369 0.8353556632995606 0.07361484103732639 0.04383163452148438
0 0.24854922824435763 0.4656071662902832 0.0877927992078993 0.027336502075195314
0 0.6132393731011285 0.7365471363067627 0.10184970431857639 0.0517913818359375
0 0.45897428724500866 0.4358604907989502 0.13855760362413194 0.0726837158203125
0 0.020259348551432292 0.10756144523620606 0.03869510226779514 0.0546985387802124
