0 0.8266816880967882 0.6590159416198731 0.06006978352864583 0.047048759460449216
0 0.041743638780381946 0.3273871898651123 0.07520819769965278 0.05008115768432617
0 0.8060740152994792 0.7085697174072265 0.06417948404947917 0.047246551513671874
0 0.8855745103624132 0.5695362091064453 0.06764289008246528 0.04129734039306641
0 0.06089409722222222 0.18807497024536132 0.07933663262261284 0.0672304630279541
0 0.4568634033203125 0.20303577780723572 0.0716824001736111 0.03426648378372192
0 0.2898429446750217 0.5647003173828125 0.05549350314670139 0.059198951721191405
0 0.6888442145453559 0.5843888282775879 0.05354732937282986 0.04240398406982422
0 0.3431165059407552 0.09189096093177795 0.0765962388780382 0.046380269527435306
0 0.7011583116319444 0.13878579139709474 0.05400322808159722 0.04051761627197266
0 0.07988340589735243 0.8144994497299194 0.07141469319661459 0.05888867378234863
0 0.14799635145399306 0.47754454612731934 0.07900280422634548 0.032358741760253905
0 0.06277219984266492 0.03475839421153069 0.05541229248046875 0.03845168501138687
0 0.5561820136176215 0.7419252395629883 0.04606408013237847 0.04440937042236328
0 0.04390852186414931 0.4579448223114014 0.05977113511827257 0.04418668746948242
0 0.22378544277615017 0.5177455902099609 0.06625417073567709 0.03788490295410156
0 0.7242229885525173 0.175282621383667 0.04927639431423611 0.044602608680725096
0 0.9523695203993056 0.3777801036834717 0.08471950954861111 0.03391895294189453
0 0.04180111355251736 0.36608304977416994 0.07128033108181424 0.051836585998535155
0 0.830222659640842 0.08777093291282653 0.08086903889973958 0.0502336859703064
0 0.42821358574761287 0.5481230735778808 0.06644100613064235 0.05762004852294922
0 0.09426290724012587 0.891777229309082 0.0588272942437066 0.04393768310546875
0 0.29479200575086806 0.029408364742994308 0.06520097520616319 0.04638682752847671
0 0.6938275655110677 0.7444246768951416 0.07975413004557291 0.03390064239501953
0 0.9398748609754775 0.752089548110962 0.06135711669921875 0.05582475662231445
0 0.8314823574490018 0.45584354400634763 0.04500613742404514 0.03661403656005859
0 0.021004231770833333 0.04638679623603821 0.038769700792100695 0.042803943157196045
0 0.9502692328559028 0.813237977027893 0.05630764431423611 0.05421557426452637
0 0.9495081583658854 0.11644482314586639 0.04787936740451389 0.047766071557998654
0 0.17159316978286962 0.380033946306692 0.06437800443928263 0.0527852147312488
0 0.050916629367404515 0.41168718338012694 0.07611406114366319 0.05253915786743164
0 0.9121382819281684 0.6065819263458252 0.052836778428819446 0.04062108993530274
0 0.0635573493109809 0.8626895904541015 0.05339796278211806 0.046570205688476564
0 0.1557430691189236 0.3538887739181519 0.047583685980902776 0.036605310440063474
0 0.22793384128146701 0.9867345809936523 0.06215938991970486 0.026066970825195313
0 0.8841810438368055 0.08260715603828431 0.039429728190104166 0.037244546413421634
0 0.8373134189181858 0.05713716745376587 0.058997090657552084 0.028977012634277342
0 0.8011825561523438 0.15638906955718995 0.046254136827256945 0.03531336784362793
0 0.11710226270887587 0.8483634948730469 0.0753292507595486 0.03023834228515625
0 0.028663804796006945 0.01297471821308136 0.04763166639539931 0.025300508737564086
