0 0.5535093519422744 0.23321146368980408 0.13530951605902777 0.10828419923782348
0 0.1552596198187934 0.07851854711771011 0.18936004638671874 0.09825474917888641
0 0.0586395263671875 0.9064835548400879 0.11483832465277778 0.08659725189208985
0 0.7506212022569444 0.3294853448867798 0.11402825249565972 0.05834903717041016
0 0.579575941297743 0.8004019737243653 0.08364664713541667 0.07889060974121094
0 0.8914959377712673 0.3631153106689453 0.1473480224609375 0.05864524841308594
0 0.8832817925347223 0.05048590302467346 0.14478573269314235 0.06306329965591431
0 0.23159959581163195 0.49454584121704104 0.15163472493489583 0.05545482635498047
0 0.7599860297309028 0.6107723712921143 0.1114776611328125 0.05566682815551758
0 0.4697872585720486 0.7719103813171386 0.13936225043402778 0.0490478515625
0 0.6334713406032986 0.29425725936889646 0.12207489013671875 0.09671268463134766
0 0.8920030381944445 0.7704896926879883 0.08975999620225694 0.08675498962402343
0 0.6392365349663629 0.014970710873603821 0.10672505696614583 0.029861408472061157
0 0.721661376953125 0.7501240253448487 0.1039488050672743 0.060962772369384764
0 0.92876222398546 0.5767374992370605 0.06915418836805555 0.06310539245605469
0 0.736499532063802 0.2776950359344482 0.10896843804253473 0.05624446868896484
0 0.1338367462158203 0.6404406547546386 0.11803181966145833 0.08519515991210938
0 0.6865675184461806 0.36331751346588137 0.14867180718315973 0.052694511413574216
0 0.3276706059773763 0.6174654006958008 0.10023163689507378 0.08052120208740235
0 0.4950617472330729 0.04448919296264649 0.11048482259114584 0.08897838592529297
0 0.5997730678982205 0.07045098543167114 0.1283933851453993 0.08519868850708008
0 0.19766612582736545 0.5949329853057861 0.1374393039279514 0.09306373596191406
0 0.49505852593315974 0.9735976219177246 0.1175808376736111 0.0521392822265625
0 0.4952455308702257 0.559383487701416 0.1418212890625 0.054764175415039064
0 0.6102060953776042 0.558893871307373 0.09370642768012152 0.05930957794189453
0 0.8968082004123263 0.3144821643829346 0.11875847710503472 0.04459457397460938
0 0.33613707224527994 0.5475443840026856 0.1070440928141276 0.07747154235839844
0 0.44830898708767364 0.6992597579956055 0.08259819878472222 0.09005088806152343
0 0.03366059197319878 0.6151577949523925 0.06346520317925347 0.08599262237548828
0 0.39002838134765627 0.7881807804107666 0.12283426920572917 0.0802037239074707
0 0.03561587863498264 0.32095563411712646 0.06753082275390625 0.04973139762878418
0 0.8259007771809895 0.01776314079761505 0.12963494194878472 0.035126620531082155
0 0.7174268934461806 0.19173896312713623 0.11080661349826389 0.047868204116821286
0 0.9290729098849826 0.019715814292430876 0.07907375759548611 0.03926035463809967
