0 0.3385808520846897 0.25636858940124513 0.12040841844346788 0.05641651153564453
0 0.05791515774197049 0.10032477378845214 0.11327548556857639 0.093017840385437
0 0.06142476399739583 0.6973451614379883 0.11722022162543402 0.09873008728027344
0 0.11673829820421007 0.3594060897827148 0.10984157986111111 0.0571293830871582
0 0.05713865492078993 0.9510972976684571 0.10419803195529515 0.08074760437011719
0 0.48498060438368057 0.8090484380722046 0.11901940239800347 0.05918736457824707
0 0.46323716905381945 0.25452585220336915 0.13326789008246528 0.06168079376220703
0 0.9049192640516494 0.5160224914550782 0.10085906982421874 0.04317493438720703
0 0.22920392354329427 0.36099026203155515 0.09831610785590278 0.0969170093536377
0 0.9102418687608507 0.7625287532806396 0.07836473253038194 0.07680025100708007
0 0.4962175157335069 0.4970257759094238 0.13240288628472222 0.06973285675048828
0 0.8866767035590277 0.6900834560394287 0.1001739501953125 0.07074203491210937
0 0.33408601548936634 0.5107586860656739 0.18065032958984376 0.08945064544677735
0 0.08171005249023437 0.8491964340209961 0.10899717542860243 0.08587703704833985
0 0.5938693576388889 0.46824064254760744 0.08582221137152778 0.06296634674072266
0 0.2950042724609375 0.1601257801055908 0.10523529052734375 0.09556961059570312
0 0.9469151814778646 0.5943915367126464 0.0932403564453125 0.03832740783691406
0 0.5430828518337674 0.7448944091796875 0.09629347059461806 0.07354564666748047
0 0.39363140530056423 0.8539870262145997 0.12368638780381945 0.04758644104003906
0 0.13438034057617188 0.49440708160400393 0.11763509114583333 0.06542472839355469
0 0.17426456875271268 0.7038064002990723 0.1226776123046875 0.057852554321289065
0 0.3465691672431098 0.349816632270813 0.18175553215874565 0.09891457557678222
0 0.5382179260253906 0.21840713024139405 0.11510654025607639 0.04947409629821777
0 0.03670374552408854 0.5084380149841309 0.06976420084635417 0.06517372131347657
0 0.2616954379611545 0.8945337295532226 0.15030364990234374 0.08808212280273438
0 0.18061743842230904 0.5830355644226074 0.12831166585286458 0.06771373748779297
0 0.47022281222873263 0.8911527633666992 0.11357387966579861 0.057451629638671876
0 0.9490690443250868 0.7096848011016845 0.07254536946614583 0.04329233169555664
0 0.9156124538845486 0.3497058868408203 0.08924221462673611 0.04899911880493164
0 0.23674002753363715 0.7519412994384765 0.12944759792751737 0.080194091796875
0 0.6198504977756076 0.5229498863220214 0.1384555392795139 0.051359939575195315
0 0.7750939263237847 0.6581149101257324 0.10397271050347222 0.06053171157836914
0 0.5497004191080729 0.6247556686401368 0.1107906765407986 0.051104736328125
0 0.5394883897569445 0.4366414546966553 0.08056131998697917 0.05578031539916992
0 0.6542483859592014 0.9494131088256836 0.09637383355034722 0.09123916625976562
0 0.815784200032552 0.26226153373718264 0.11450568305121528 0.05463595390319824
0 0.9741354200575086 0.5030689716339112 0.05172915988498264 0.056800460815429686
0 0.681219736735026 0.8083059310913085 0.07440507676866319 0.056729698181152345
0 0.9541703118218317 0.3231112718582153 0.08090023464626736 0.049509859085083006
0 0.7284326341417101 0.2902909517288208 0.07071312798394097 0.05415487289428711
0 0.032364908854166666 0.3140167236328125 0.06388312445746527 0.07578363418579101
0 0.9165150960286458 0.23639414310455323 0.10030721028645834 0.09085292816162109
0 0.6649749755859375 0.640351390838623 0.07529941134982639 0.053524112701416014
0 0.8352286444769965 0.7258980751037598 0.08500264485677084 0.03332653045654297
0 0.6154513888888888 0.7317194461822509 0.06527472601996528 0.054926586151123044
0 0.4805962456597222 0.9798722743988038 0.11357659233940973 0.04025545120239258
0 0.8085634019639757 0.9830471515655518 0.07214592827690972 0.03390569686889648
0 0.41455807156032987 0.6836820602416992 0.14964107937282986 0.057568931579589845
0 0.28588290744357636 0.8127296209335327 0.0937533908420139 0.08888897895812989
0 0.5736055162217882 0.8085220098495484 0.08116082085503472 0.0705955982208252
0 0.7001549614800348 0.540537166595459 0.06064995659722222 0.04556980133056641
0 0.9687400817871094 0.4431361198425293 0.06251983642578125 0.04689731597900391
0 0.9644465976291232 0.9371513366699219 0.07110680474175347 0.04484481811523437
0 0.9403817070855035 0.9009521484375 0.10140007866753473 0.11243743896484375
0 0.6995085822211371 0.2231275498867035 0.06996544731987847 0.06714621782302857
0 0.9022633744855966 0.17071759259259256 0.14609053497942392 0.0486111111111111
0 0.8209876543209875 0.7690972222222221 0.10288065843621376 0.04629629629629631
0 0.6049382716049381 0.6550925925925927 0.08641975308641968 0.07060185185185179
0 0.3930041152263374 0.2991898148148148 0.09053497942386836 0.05787037037037036
0 0.7551440329218105 0.6984953703703703 0.10288065843621418 0.06018518518518524
0 0.43621399176954717 0.9502314814814814 0.15226337448559682 0.06597222222222227
