0 0.06630545722113715 0.3240912437438965 0.08973642985026041 0.03715481758117676
0 0.34253050486246744 0.23856873512268068 0.08458722432454427 0.0342132568359375
0 0.8048328823513455 0.6393170356750488 0.07740020751953125 0.03142833709716797
0 0.8616399129231771 0.8881540298461914 0.08803914388020834 0.03204689025878906
0 0.27126498752170136 0.5996151924133301 0.09693586561414931 0.03466796875
0 0.08898463779025607 0.9698101043701172 0.10490044487847222 0.037301063537597656
0 0.49902208116319446 0.3719631671905518 0.09445885552300347 0.04319772720336914
0 0.3136954413519965 0.5339057922363282 0.0938291761610243 0.03446111679077148
0 0.5813663058810764 0.8220215797424316 0.09460856119791666 0.039392280578613284
0 0.23071322970920138 0.8369722366333008 0.11428256564670139 0.04513092041015625
0 0.8721243964301215 0.12971100807189942 0.05520680745442708 0.04203782081604004
0 0.6993534511990017 0.23250112533569336 0.06840057373046875 0.04828290939331055
0 0.7036919487847222 0.3850879192352295 0.07653011745876737 0.031124305725097657
0 0.4241399129231771 0.14993127584457397 0.08403489854600694 0.03114135265350342
0 0.37446695963541665 0.17328641414642335 0.06446194118923611 0.05194821357727051
0 0.3091152615017361 0.15964165925979615 0.08543582492404514 0.044054722785949706
0 0.14827016194661458 0.3962033748626709 0.10455084906684028 0.03183908462524414
0 0.24543028937445746 0.8963674545288086 0.05531963772243924 0.04855766296386719
0 0.21892242431640624 0.45638046264648435 0.09316914876302083 0.034073925018310545
0 0.7990710788302952 0.9458494186401367 0.09925977918836805 0.032605552673339845
0 0.32707392374674477 0.8554726600646972 0.09576636420355902 0.036762428283691403
0 0.8400634765625 0.6640396118164062 0.07392985026041667 0.028535079956054688
0 0.5103658888075087 0.21307611465454102 0.0630247328016493 0.042356109619140624
0 0.3340811835394965 0.7875701904296875 0.0915985107421875 0.03419075012207031
0 0.18051011827256944 0.6095438003540039 0.08639407687717014 0.03526592254638672
0 0.8415535820855035 0.7544815063476562 0.1054111056857639 0.04272022247314453
0 0.764113532172309 0.24203505516052246 0.061110772026909725 0.045773983001708984
0 0.46456824408637154 0.6245266914367675 0.09851481119791666 0.034585189819335935
0 0.6350697835286458 0.943238639831543 0.07701687282986111 0.03802051544189453
0 0.19134055243598092 0.2236990213394165 0.09461822509765624 0.03445477485656738
0 0.3912023756239149 0.6081936359405518 0.08299221462673612 0.03199338912963867
0 0.5955905490451389 0.25572924613952636 0.07436014811197916 0.02668614387512207
0 0.4045513576931424 0.22261536121368408 0.07954152425130208 0.027985572814941406
0 0.29127655029296873 0.6320812702178955 0.08542022705078126 0.027389144897460936
0 0.46357930501302086 0.9344837188720703 0.07379506429036459 0.03844184875488281
0 0.9608185662163629 0.8883584976196289 0.07496693929036459 0.058879852294921875
0 0.3646482679578993 0.7127902507781982 0.07199605305989583 0.029967880249023436
0 0.6406885782877604 0.5934471130371094 0.08547465006510417 0.033496856689453125
0 0.925868903266059 0.6761517524719238 0.07446085611979167 0.04685630798339844
0 0.9678511725531684 0.2875810623168945 0.05784573025173611 0.02861328125
0 0.9787768893771701 0.6604945659637451 0.042380269368489584 0.041056251525878905
0 0.7526913113064236 0.44568653106689454 0.09028998480902778 0.03332538604736328
0 0.9643819173177083 0.13515689373016357 0.05981038411458333 0.025468063354492188
0 0.52869873046875 0.17600520849227905 0.08799336751302084 0.03878793716430664
0 0.46351420084635414 0.5076751708984375 0.08372582329644097 0.03155517578125
0 0.9245145161946614 0.22816820144653321 0.0898193359375 0.03591346740722656
0 0.6836107042100694 0.555400276184082 0.07558458116319444 0.03192062377929687
0 0.561481221516927 0.4079151630401611 0.06874966091579861 0.05767498016357422
0 0.9770108540852864 0.712921142578125 0.04463941786024306 0.04877471923828125
0 0.811843024359809 0.5139243125915527 0.07239769829644097 0.029084396362304688
0 0.6161018371582031 0.5656048774719238 0.06809895833333333 0.02481851577758789
0 0.9262468126085069 0.10796599686145783 0.0856899685329861 0.03351096510887146
0 0.932952880859375 0.18880794048309327 0.05501030815972222 0.02171640396118164
0 0.9729766845703125 0.5866393089294434 0.045371161566840276 0.026400184631347655
0 0.43979831271701386 0.8368434906005859 0.05936957465277778 0.0523895263671875
0 0.9676060146755643 0.20972826480865478 0.06478797064887153 0.0314063549041748
0 0.8891186184353299 0.488162899017334 0.07170647515190973 0.02659149169921875
0 0.8070466783311632 0.08442436456680298 0.045060221354166666 0.033453869819641116
0 0.7737813313802083 0.13269258737564088 0.05500064425998264 0.042826175689697266
0 0.7169425116644965 0.9060583114624023 0.08798251681857638 0.02797088623046875
0 0.33689041137695314 0.8927776336669921 0.07528415256076389 0.03069133758544922
0 0.5926634046766494 0.6242067337036132 0.09006144205729166 0.03744230270385742
0 0.7211521572536892 0.6444075584411622 0.06896582709418403 0.028108596801757812
0 0.6788786146375868 0.4793862342834473 0.08455301920572916 0.031271171569824216
0 0.04208246866861979 0.9067787170410156 0.07697889539930555 0.03612098693847656
0 0.6002975463867187 0.4845726013183594 0.0791354709201389 0.0313140869140625
0 0.42314987182617186 0.25142085552215576 0.0996522691514757 0.03737874031066894
0 0.8902505662706163 0.5440974235534668 0.07057918972439237 0.028412628173828124
0 0.374505615234375 0.10452004671096801 0.057864210340711805 0.052149724960327146
0 0.9195588005913629 0.9222734451293946 0.06242404513888889 0.03156547546386719
0 0.7049211290147569 0.68931884765625 0.07817314995659722 0.03364219665527344
0 0.30707215203179256 0.9213621139526367 0.0557145012749566 0.03863258361816406
0 0.030177730984157988 0.3548703670501709 0.05770501030815972 0.024895191192626953
0 0.46143663194444445 0.3987773656845093 0.07943488226996528 0.026697206497192382
0 0.3431757820977105 0.12643030881881714 0.07790217929416232 0.03217513561248779
0 0.46124199761284723 0.7638684272766113 0.07837422688802083 0.03200798034667969
0 0.7470017327202692 0.8814632415771484 0.08730638292100694 0.032640838623046876
0 0.7034720526801215 0.7405234336853027 0.053279283311631946 0.033766746520996094
0 0.5263492160373264 0.6654163360595703 0.07312282986111111 0.03644618988037109
0 0.8805525885687934 0.20940487384796141 0.05007951524522569 0.03235836029052734
0 0.6770153469509549 0.6610053062438965 0.08913082546657985 0.0344879150390625
0 0.3754798041449653 0.9897382736206055 0.10475599500868056 0.020523452758789064
0 0.4638427734375 0.17631025314331056 0.05764431423611111 0.03405516147613526
0 0.7634876675075954 0.6693221092224121 0.05318637424045139 0.02910957336425781
0 0.9014258490668403 0.8175396919250488 0.03365953233506944 0.03232555389404297
0 0.858676995171441 0.8390491485595704 0.0832248263888889 0.02967529296875
0 0.9078567504882813 0.7317423820495605 0.059779188368055555 0.030118179321289063
0 0.558783213297526 0.9226471900939941 0.05134735107421875 0.043877029418945314
0 0.5359792073567708 0.5164566993713379 0.07693244086371528 0.026456451416015624
0 0.49702250162760414 0.24933652877807616 0.054625447591145834 0.0385533332824707
0 0.603189680311415 0.6577056884765625 0.06914147271050347 0.026856613159179688
0 0.9835550944010417 0.7678564071655274 0.03225572374131944 0.051392745971679685
0 0.7139433966742621 0.7120707035064697 0.053173658582899304 0.025612640380859374
0 0.04871012369791667 0.6329826354980469 0.06666971842447916 0.021080493927001953
0 0.9828499688042535 0.5494397163391114 0.034209187825520834 0.02153167724609375
0 0.18248062133789061 0.4222860336303711 0.037674967447916666 0.028841209411621094
0 0.4909353468153212 0.9686301231384278 0.08184238009982639 0.02411060333251953
0 0.9805041152263374 0.25578703703703703 0.03919753086419767 0.04513888888888887
0 0.9725308641975308 0.9282407407407407 0.05555555555555555 0.03356481481481488
