0 0.5423358493381076 0.06816868931055069 0.06446380615234375 0.05688266456127167
0 0.20178103976779513 0.11317141354084015 0.0754575941297743 0.05338878035545349
0 0.5586804707845052 0.3646613597869873 0.06734466552734375 0.05391416549682617
0 0.0649605221218533 0.29526491165161134 0.07367867363823785 0.05519900321960449
0 0.6006169637044271 0.9717670440673828 0.07430318196614584 0.05274009704589844
0 0.37405030992296007 0.03246259689331055 0.0833680894639757 0.059910595417022705
0 0.4106357150607639 0.6329607486724853 0.0713467068142361 0.05025615692138672
0 0.13183555603027344 0.015290290117263794 0.06821051703559028 0.030526983737945556
0 0.31011445787217884 0.4661558151245117 0.06871524386935764 0.04339580535888672
0 0.2819567362467448 0.8052817344665527 0.07784847683376736 0.044287109375
0 0.6114985995822483 0.08834302425384521 0.08934122721354167 0.03674914836883545
0 0.5267471313476563 0.19662981033325194 0.08356797960069444 0.06649322509765625
0 0.13652979532877604 0.9761510848999023 0.06373172336154515 0.046464729309082034
0 0.6756335788302952 0.30277998447418214 0.08180440266927083 0.07098355293273925
0 0.6737351311577691 0.5421003818511962 0.10571204291449653 0.042198467254638675
0 0.4668714735243056 0.5507789611816406 0.1474278767903646 0.05977001190185547
0 0.8107640584309895 0.2054827928543091 0.072198486328125 0.045566463470458986
0 0.33330595228407117 0.6206110000610352 0.06254035101996527 0.052230453491210936
0 0.5805165608723958 0.6521894931793213 0.062256876627604166 0.04369993209838867
0 0.04783770243326823 0.531437873840332 0.08649622599283854 0.035648345947265625
0 0.21165601942274306 0.058287738263607024 0.1006288316514757 0.03721583187580109
0 0.03782518174913194 0.22875113487243653 0.06439293755425347 0.05401344299316406
0 0.05906287299262153 0.12485895156860352 0.06249728732638889 0.04580559730529785
0 0.6157353719075521 0.6060375213623047 0.12347479926215278 0.054818153381347656
0 0.615938483344184 0.1814928889274597 0.07217644585503472 0.029049944877624512
0 0.6178239610460069 0.023434437811374664 0.05113762749565972 0.04618310034275055
0 0.29973509046766494 0.9180656433105469 0.10550910101996527 0.0627716064453125
0 0.7682430691189236 0.34131009578704835 0.09765896267361111 0.04756331443786621
0 0.7698385450575087 0.39635663032531737 0.09086795383029514 0.06373758316040039
0 0.36458892822265626 0.9831815719604492 0.0777926974826389 0.033636856079101565
0 0.6094187418619792 0.4461411476135254 0.07619832356770834 0.04407482147216797
0 0.30068283081054686 0.4971733093261719 0.07059783935546875 0.043305587768554685
0 0.847642347547743 0.4057260513305664 0.05658501519097222 0.03982706069946289
0 0.7803656684027778 0.27740457057952883 0.05880889892578125 0.018904829025268556
0 0.08243976169162326 0.9859916687011718 0.059127553304036455 0.02801666259765625
0 0.14872254265679252 0.21749460697174072 0.06326344807942709 0.03893465995788574
0 0.213100094265408 0.022056636214256287 0.10493045383029515 0.044113272428512575
0 0.3337181939019097 0.9526919364929199 0.0803346421983507 0.022578048706054687
0 0.7798014322916667 0.2556879758834839 0.05977071126302083 0.024268198013305663
0 0.7942386831275718 0.23148148148148148 0.07818930041152254 0.038194444444444434
