0 0.564542473687066 0.6095598220825196 0.1888149685329861 0.06829566955566406
0 0.6046337551540799 0.676310396194458 0.1664455837673611 0.0724578857421875
0 0.5448545667860243 0.9281896591186524 0.12692633734809028 0.06937484741210938
0 0.11319402058919271 0.4573918342590332 0.15921257866753472 0.07064237594604492
0 0.4023256089952257 0.35145771503448486 0.1148651123046875 0.05496292114257813
0 0.47499635484483504 0.7728991508483887 0.11155632866753472 0.10655536651611328
0 0.1575662824842665 0.26915969848632815 0.1725853814019097 0.06995906829833984
0 0.5949308607313368 0.8771129608154297 0.10065341525607639 0.07441596984863282
0 0.2051521725124783 0.6657605171203613 0.1487274169921875 0.0740518569946289
0 0.6379442003038195 0.8456577301025391 0.09544169108072917 0.05668220520019531
0 0.4179311116536458 0.9216976165771484 0.09522196451822916 0.07703819274902343
0 0.06659766303168403 0.7191350936889649 0.12716725667317708 0.1155731201171875
0 0.07387241787380643 0.5681610107421875 0.14044774373372396 0.07445449829101562
