0 0.9454610188802083 0.8370133399963379 0.09856296115451389 0.08867511749267579
0 0.3603003395928277 0.08005693554878235 0.1003927018907335 0.08529380559921265
0 0.7124679565429688 0.18304040431976318 0.08541497124565972 0.05740146636962891
0 0.6420521206325955 0.28043642044067385 0.08013882107204862 0.06076498031616211
0 0.3596615261501736 0.5714038372039795 0.10004730224609375 0.052718830108642575
0 0.670521714952257 0.3299659490585327 0.12969801161024305 0.04571843147277832
0 0.6384593539767796 0.7367247104644775 0.08496331108940972 0.058547019958496094
0 0.13146464029947916 0.24027688503265382 0.11715545654296874 0.06142878532409668
0 0.13701332939995658 0.40047149658203124 0.08437567816840277 0.06258220672607422
0 0.956615702311198 0.6154624938964843 0.08658989800347222 0.04913463592529297
0 0.7701143052842881 0.7850979804992676 0.08735724555121528 0.05278491973876953
0 0.2301552242702908 0.41606912612915037 0.10776375664605034 0.040262794494628905
0 0.8431581285264756 0.4789277076721191 0.08859965006510416 0.051416969299316405
0 0.25971849229600696 0.17988461256027222 0.09493442111545139 0.06275184154510498
0 0.8356788635253907 0.5250907897949219 0.10223066541883681 0.06387786865234375
0 0.8410595364040798 0.748344087600708 0.06628350151909722 0.05525979995727539
0 0.7921841091579861 0.1890066981315613 0.08956587049696181 0.04661872386932373
0 0.5154570685492621 0.3338308811187744 0.12329355875651042 0.08039112091064453
0 0.7884852091471354 0.02761104181408882 0.09876539442274306 0.04776846021413803
0 0.8574019538031684 0.9606256484985352 0.06053907606336806 0.052767181396484376
0 0.3453329298231337 0.6420907020568848 0.10386471218532986 0.08175239562988282
0 0.8463313632541233 0.21259707808494568 0.09160241021050347 0.05407334566116333
0 0.34688661363389756 0.9831067085266113 0.12737325032552083 0.033786582946777347
0 0.50975341796875 0.7144711494445801 0.11791314019097222 0.053658485412597656
0 0.8949883355034722 0.7521177291870117 0.05450846354166667 0.05925693511962891
0 0.9546126471625433 0.6570006370544433 0.07816128200954861 0.05268650054931641
0 0.6813492668999566 0.5855935096740723 0.09176754421657986 0.08214912414550782
0 0.030900488959418403 0.47304210662841795 0.06112247043185764 0.09176101684570312
0 0.12182964748806424 0.18440769910812377 0.10550672743055556 0.06204311847686768
0 0.06377906799316406 0.8619871139526367 0.09935574001736111 0.06889419555664063
