0 0.8895831108093262 0.0730851067437066 0.04495315551757813 0.057595316569010416
0 0.8521391868591308 0.09658029344346789 0.030288505554199218 0.08112530178493924
0 0.580848217010498 0.5131741841634114 0.035103988647460935 0.07571495903862847
0 0.8872564315795899 0.4104000515407986 0.0323883056640625 0.06357693142361111
0 0.4662758827209473 0.4923923068576389 0.04182701110839844 0.05748257107204861
0 0.5230587959289551 0.15249871148003472 0.0376251220703125 0.06211793687608507
0 0.297284460067749 0.04826872083875868 0.0379880428314209 0.07096032036675347
0 0.7495326995849609 0.11820220947265625 0.030601882934570314 0.07106246948242187
0 0.6317713737487793 0.2659480624728733 0.05314617156982422 0.053813934326171875
0 0.7772157669067383 0.9061428493923611 0.03508777618408203 0.06614888509114583
0 0.6238148212432861 0.3367479112413194 0.04230566024780273 0.04979519314236111
0 0.32544703483581544 0.4751308865017361 0.031196403503417968 0.06487341986762153
0 0.5191307067871094 0.5325686984592014 0.03020477294921875 0.03824191623263889
0 0.3484652042388916 0.025042215983072918 0.03973674774169922 0.047679307725694446
0 0.8206064224243164 0.6577938503689236 0.028448104858398438 0.06560499403211806
0 0.6753652572631836 0.17738477918836806 0.03901195526123047 0.04438129001193576
0 0.584464168548584 0.45926971435546876 0.030731582641601564 0.03647850884331597
0 0.8244989395141602 0.598313225640191 0.045647811889648435 0.04918178982204861
0 0.21954164505004883 0.03283233642578125 0.03661532402038574 0.05535007052951389
0 0.49382753372192384 0.2422740512424045 0.027314376831054688 0.04308556450737847
0 0.14175814390182495 0.24311760796440973 0.022241592407226562 0.061156972249348955
0 0.7359337329864502 0.029987928602430554 0.03607196807861328 0.05861426459418403
0 0.5257290840148926 0.612815178765191 0.02893686294555664 0.043694390190972224
0 0.7643311500549317 0.5266491360134549 0.029565906524658202 0.05365566677517361
0 0.5506285667419434 0.11294572618272569 0.027328109741210936 0.06894158257378472
0 0.6199650764465332 0.10990507337782118 0.036988449096679685 0.039578416612413195
0 0.22609426975250244 0.25409342447916666 0.044400596618652345 0.052743021647135416
0 0.9119712829589843 0.5065707736545139 0.026633071899414062 0.0566923353407118
0 0.5711805820465088 0.6577934265136719 0.027559375762939452 0.03972422281901042
0 0.8461196899414063 0.8224333021375868 0.024856376647949218 0.055419243706597225
0 0.5207698822021485 0.43035049438476564 0.03877182006835937 0.04262661404079861
0 0.33006510734558103 0.08821436564127604 0.03356103897094727 0.07636769612630208
0 0.5804471015930176 0.07557457817925348 0.035017967224121094 0.0390684339735243
0 0.7805576324462891 0.03549440171983507 0.053241920471191403 0.068133544921875
0 0.7651185989379883 0.6577063666449653 0.0255462646484375 0.05993245442708333
0 0.5993857383728027 0.035867394341362845 0.037873458862304685 0.038183169894748265
0 0.42437968254089353 0.9765140109592014 0.026164722442626954 0.04620157877604167
0 0.13226305246353148 0.5329147338867187 0.029099488258361818 0.06490851508246528
0 0.05413617491722107 0.32156397501627604 0.03153207302093506 0.07730848524305556
0 0.31062703132629393 0.6864377339680989 0.032812309265136716 0.04972703721788194
0 0.09591202139854431 0.8420944213867188 0.037188160419464114 0.05435587565104167
0 0.5892996788024902 0.604120381673177 0.03757057189941406 0.0349029541015625
0 0.07330238819122314 0.4556523640950521 0.031645798683166505 0.06310051812065973
0 0.33449788093566896 0.6042551676432292 0.022977638244628906 0.04581078423394097
0 0.024317994713783264 0.9637216356065538 0.04536756873130798 0.07061445448133681
0 0.6790107727050781 0.12437676323784722 0.037964153289794925 0.03962275187174479
0 0.11796473264694214 0.3151131100124783 0.032042288780212404 0.06709331936306423
0 0.18111051321029664 0.8454538981119791 0.03070096969604492 0.07255045572916667
0 0.5952871799468994 0.6368765936957466 0.029133415222167967 0.046559651692708336
0 0.07398000955581666 0.29083116319444446 0.03377532958984375 0.052196502685546875
0 0.17632441520690917 0.7811221652560764 0.036215353012084964 0.03862643771701389
0 0.5517851352691651 0.5274663289388021 0.024015140533447266 0.05570203993055556
0 0.10841937424469386 0.1430526239772774 0.044992527230776895 0.10004015670936843
0 0.6025779724121094 0.6773729960123698 0.031421661376953125 0.04922875298394097
0 0.5171868324279785 0.04468748304578993 0.028493690490722656 0.04449632432725695
0 0.6402237892150879 0.14701805114746094 0.020458984375 0.04486923217773438
0 0.09226220250129699 0.19861149258083768 0.019569599628448488 0.05092892116970486
0 0.6736712455749512 0.8310492621527777 0.04435405731201172 0.0569244384765625
0 0.7864483833312989 0.8038335164388021 0.03117656707763672 0.03180067274305556
0 0.4446819305419922 0.055076387193467885 0.02647056579589844 0.03758985731336806
0 0.6113394737243653 0.07378281487358941 0.02593708038330078 0.04573211669921875
0 0.6926094055175781 0.8848919338650174 0.0269378662109375 0.03212873670789931
0 0.6404652216797504 0.820965380640296 0.028872830190776355 0.07608713988141481
0 0.330171537399292 0.14728291829427084 0.03786792755126953 0.048472764756944446
0 0.662023401260376 0.4952814737955729 0.045550537109375 0.054038323296440975
0 0.6395318930041152 0.602337876726734 0.023148148148148095 0.05252589263706713
0 0.7784961700439453 0.10473548041449653 0.02030601501464844 0.029740397135416666
0 0.3500394344329834 0.20186547173394098 0.06469221115112304 0.04949578179253472
0 0.534400720164609 0.9343850022862369 0.05336934156378596 0.04686785550983075
