0 0.06189257303873698 0.2388770043849945 0.11383327907986111 0.08702565431594848
0 0.3513487074110243 0.674793004989624 0.12936859130859374 0.06485090255737305
0 0.938156975640191 0.8153724670410156 0.1127960205078125 0.057828521728515624
0 0.5758666144476996 0.4374077796936035 0.07931993272569444 0.04705753326416016
0 0.48984239366319443 0.27344331741333006 0.08500467936197917 0.08421440124511718
0 0.2256095462375217 0.6908685684204101 0.12823206583658855 0.06579046249389649
0 0.09556961059570312 0.8580032348632812 0.14671088324652778 0.06188278198242188
0 0.5051371256510416 0.40213613510131835 0.09399787055121528 0.06948461532592773
0 0.25559429592556426 0.4605147361755371 0.11309967041015626 0.049993896484375
0 0.35000262790256076 0.5881823539733887 0.15933973524305556 0.07817707061767579
0 0.6736328125 0.6757239818572998 0.10360073513454861 0.05344371795654297
0 0.7069196065266927 0.6107295036315918 0.07248196072048611 0.05048809051513672
0 0.29438641866048176 0.4063251495361328 0.1384134080674913 0.062412166595458986
0 0.8395004272460938 0.46072816848754883 0.09118499755859374 0.048530197143554686
0 0.45651177300347223 0.6977145195007324 0.11006368001302083 0.06537723541259766
0 0.4257533603244358 0.9028890609741211 0.09509039984809028 0.04484634399414063
0 0.566717020670573 0.5857322692871094 0.11316138373480902 0.04555578231811523
0 0.5122206793891059 0.8920038223266602 0.08527933756510417 0.04905891418457031
0 0.7071461995442708 0.5383593559265136 0.061597188313802086 0.06275043487548829
0 0.2465888129340278 0.3670056819915771 0.12293056911892361 0.04213924407958984
0 0.6191196865505643 0.47279834747314453 0.07671305338541666 0.04315376281738281
0 0.40839199490017364 0.4016755223274231 0.09216139051649305 0.07512376308441163
0 0.06552127477072889 0.48676743772294795 0.13233193605524995 0.06697438381336346
