0 0.48207685682508683 0.8522037506103516 0.09591471354166667 0.08296432495117187
0 0.21106126573350695 0.49155430793762206 0.09820387098524305 0.05851888656616211
0 0.45390345255533854 0.6955069541931153 0.15176612006293402 0.061748695373535153
0 0.3995182461208767 0.6406780242919922 0.10297173394097223 0.05546855926513672
0 0.7632481045193142 0.38703088760375975 0.09342142740885416 0.07509260177612305
0 0.7140085856119792 0.21946194171905517 0.08620791965060765 0.0761634349822998
0 0.9051281399197049 0.4740765571594238 0.1437255859375 0.07116527557373047
0 0.9394705878363715 0.22040690779685973 0.09276767306857639 0.07315579652786255
0 0.30091866387261285 0.5430788516998291 0.07377794053819445 0.05645532608032226
0 0.5195509168836806 0.11800961792469025 0.09273681640625 0.04207896590232849
0 0.8028864542643229 0.6945284843444824 0.09672071668836806 0.08587722778320313
0 0.45085550944010416 0.23699705600738524 0.0961027357313368 0.04172792434692383
0 0.7983908759223091 0.3372370719909668 0.1042972140842014 0.04931864738464355
0 0.5073411729600694 0.19159188270568847 0.07010328504774306 0.05562052726745605
0 0.5338421291775174 0.5753984451293945 0.08820919460720486 0.04366779327392578
0 0.9484058803982205 0.6384981632232666 0.10318823920355903 0.06942434310913086
0 0.3614471435546875 0.5927293777465821 0.06134660508897569 0.05212326049804687
0 0.7687218560112847 0.06662405133247376 0.07521870930989584 0.042935740947723386
0 0.8606998019748264 0.7517908096313477 0.12479078504774306 0.0691873550415039
0 0.766618177625868 0.5829519271850586 0.09028388129340278 0.07736549377441407
0 0.8613191392686632 0.41115857362747193 0.13038330078125 0.08339288234710693
0 0.8548082139756944 0.24147329330444336 0.07712605794270834 0.07418603897094726
0 0.9040781656901041 0.30143280029296876 0.10147026909722222 0.08168773651123047
0 0.3011130862765842 0.5973982810974121 0.0647231207953559 0.051473045349121095
0 0.9767807006835938 0.7896368980407715 0.04472622341579861 0.05462589263916016
