0 0.41323394775390626 0.6325473308563232 0.09225023057725694 0.05360870361328125
0 0.28588765462239585 0.5845224380493164 0.06981150309244792 0.06137008666992187
0 0.46871185302734375 0.05669572204351425 0.07545267740885417 0.05014024078845978
0 0.1725499471028646 0.9175411224365234 0.09153086344401042 0.04992866516113281
0 0.6523657904730903 0.5537203788757324 0.07140163845486111 0.047987174987792966
0 0.18579220241970487 0.3703352928161621 0.10107387966579862 0.0385930061340332
0 0.5019043816460503 0.6901349067687989 0.09196234809027778 0.037328243255615234
0 0.2856684366861979 0.48163747787475586 0.08916524251302084 0.04551010131835938
0 0.5625384860568576 0.44567623138427737 0.06064215766059028 0.037534904479980466
0 0.34923612806532117 0.21976063251495362 0.10305464002821181 0.04186692237854004
0 0.21174740261501737 0.8824106216430664 0.09755723741319444 0.0410308837890625
0 0.5042316012912327 0.5852176666259765 0.06483662923177083 0.05159893035888672
0 0.8821078830295139 0.7205798149108886 0.08479326036241319 0.06758708953857422
0 0.63919677734375 0.23610975742340087 0.07133297390407986 0.036501502990722655
0 0.4512383355034722 0.591818904876709 0.05147535536024306 0.034316635131835936
0 0.14917343987358941 0.6358847618103027 0.08060133192274306 0.050818252563476565
0 0.4353663974338108 0.42247676849365234 0.07840508355034723 0.07503681182861328
0 0.3117943657769097 0.960823917388916 0.11030120849609375 0.04642925262451172
0 0.7733356051974827 0.8619413375854492 0.06769070095486111 0.042768096923828124
0 0.5843119303385417 0.41483702659606936 0.050681220160590276 0.028186988830566407
0 0.4656396653917101 0.016448509693145753 0.07729390462239584 0.03267346620559693
0 0.8215438842773437 0.794039535522461 0.06277601453993055 0.05124588012695312
0 0.3866948445638021 0.9848531246185303 0.08583865695529513 0.030293750762939452
0 0.36863776312934027 0.5835590839385987 0.08609720865885416 0.03530178070068359
0 0.41548953586154513 0.08663502931594849 0.07649027506510417 0.03434631824493408
0 0.6162179734971788 0.05486140102148056 0.0590667724609375 0.04273376762866974
0 0.9249119228786893 0.10555846691131592 0.058404032389322916 0.032170557975769044
0 0.9639442443847657 0.03923370838165283 0.04751027425130208 0.043884110450744626
0 0.9802102830674914 0.3160125255584717 0.038131035698784725 0.04550666809082031
0 0.8826249864366319 0.5468053817749023 0.06210157606336805 0.042514801025390625
0 0.9380179511176215 0.9210350036621093 0.04874437120225694 0.0522003173828125
0 0.9817735460069444 0.4446763038635254 0.036084153917100695 0.03350887298583984
0 0.9640874226888021 0.7428611755371094 0.054615614149305554 0.03240671157836914
0 0.679449462890625 0.9831562995910644 0.07872517903645833 0.03298168182373047
