0 0.3719599405924479 0.23229408264160156 0.1027925279405382 0.05604376792907715
0 0.26388202243381076 0.22946786880493164 0.10906456841362847 0.07139368057250976
0 0.915887959798177 0.3453864097595215 0.11034376356336806 0.05706090927124023
0 0.8834253946940104 0.18648935556411744 0.09946187337239583 0.06093199253082275
0 0.21812371148003473 0.7675244331359863 0.11770511203342014 0.04169158935546875
0 0.31872452629937065 0.7557097911834717 0.08918329874674479 0.06028890609741211
0 0.617907460530599 0.40996518135070803 0.12523617214626737 0.09082489013671875
0 0.422869873046875 0.14511727094650267 0.10953538682725694 0.04658670425415039
0 0.45927039252387153 0.6364744186401368 0.1431606716579861 0.05126209259033203
0 0.43730799357096356 0.8781564712524415 0.11132948133680555 0.04402866363525391
0 0.7207839965820313 0.5324834823608399 0.13530680338541667 0.05347995758056641
0 0.19821590847439235 0.33574438095092773 0.11046854654947917 0.05323867797851563
0 0.7363920423719618 0.4384286403656006 0.10706719292534722 0.07781448364257812
0 0.05429128011067708 0.12530972957611083 0.09130316840277777 0.05056614875793457
0 0.5776714748806424 0.6910571098327637 0.10887790256076389 0.04855766296386719
0 0.6201268513997396 0.9632759094238281 0.1357048882378472 0.057277679443359375
0 0.08940353393554687 0.4817059516906738 0.07777167426215278 0.06155710220336914
0 0.25800849066840276 0.5357178688049317 0.13281690809461805 0.040500831604003903
0 0.8062854342990451 0.5661406993865967 0.09975382486979166 0.052811622619628906
0 0.7609101189507379 0.7486303329467774 0.13267008463541666 0.052509117126464847
0 0.8339419894748263 0.782015323638916 0.11434529622395834 0.06774425506591797
0 0.9146901448567708 0.2938115119934082 0.06909569634331597 0.04577083587646484
0 0.476763916015625 0.1857379674911499 0.09768880208333333 0.0501899242401123
0 0.5846406724717882 0.19615159034729004 0.10338507758246528 0.07815413475036621
0 0.7400552537706163 0.17569258213043212 0.11899685329861111 0.041182756423950195
0 0.276628663804796 0.3778648853302002 0.12409337361653645 0.04962978363037109
0 0.7999353196885851 0.21585277915000917 0.06623416476779515 0.05571414232254028
0 0.6341495937771268 0.8833696365356445 0.1257414076063368 0.04575347900390625
0 0.6883058336046007 0.35545756816864016 0.12313876681857638 0.05186152458190918
0 0.34400592380099826 0.8747854232788086 0.07813534206814236 0.06181411743164063
0 0.06247058444552951 0.7924483299255372 0.12192094590928819 0.050218963623046876
0 0.36465674506293405 0.5650834083557129 0.08963402642144097 0.055657577514648435
0 0.11458909776475694 0.2802605152130127 0.10038723415798612 0.03738460540771484
0 0.8733272128634982 0.45304670333862307 0.11958279079861112 0.0547642707824707
0 0.9629190233018663 0.3899636507034302 0.07326863606770834 0.04362311363220215
0 0.9665093315972222 0.317935848236084 0.06590389675564236 0.05886402130126953
0 0.335384644402398 0.5110023498535157 0.1334841834174262 0.048140335083007815
0 0.5417992485894098 0.5393519401550293 0.10921529134114584 0.05134868621826172
0 0.03900205824110243 0.9758503913879395 0.07364654541015625 0.048299217224121095
0 0.09824964735243055 0.7501799106597901 0.11036732991536459 0.04113435745239258
0 0.271335940890842 0.27248857021331785 0.10025075276692709 0.07354216575622559
0 0.8479312472873264 0.4841901779174805 0.13198377821180557 0.04790077209472656
0 0.8768087599012587 0.9821161746978759 0.10754038492838541 0.035767650604248045
0 0.2974722120496962 0.5842667102813721 0.09398871527777777 0.05682716369628906
0 0.8017715454101563 0.2636819362640381 0.14055989583333334 0.04561777114868164
0 0.45741865370008683 0.5058358669281006 0.11901414659288194 0.04885015487670898
0 0.8351164076063368 0.2994725704193115 0.11262410481770833 0.04615440368652344
0 0.10557530721028646 0.712778377532959 0.10000372992621528 0.036488914489746095
0 0.8114693535698785 0.3460237503051758 0.10863986545138889 0.05236501693725586
0 0.42473246256510416 0.5435447692871094 0.09414944118923611 0.03648567199707031
0 0.36697455512152777 0.3133403778076172 0.07110799153645833 0.03161454200744629
0 0.7095743815104166 0.980656623840332 0.07603403727213541 0.038401031494140626
0 0.2963902791341146 0.3276546478271484 0.10146738688151041 0.05431241989135742
0 0.6921700371636285 0.28645896911621094 0.12214287651909722 0.09657845497131348
0 0.0386831275720163 0.6927083333333334 0.07818930041152254 0.06712962962962964
