0 0.40071224636501734 0.845802116394043 0.11975233289930555 0.085650634765625
0 0.5309007432725694 0.29144110679626467 0.16785820855034722 0.06947140693664551
0 0.2182512919108073 0.6401919841766357 0.1845518324110243 0.0787353515625
0 0.2694393157958984 0.22724497318267822 0.13877198961046006 0.06699018478393555
0 0.19625981648763022 0.7792740821838379 0.10361735026041667 0.08056354522705078
0 0.6196768018934462 0.21072804927825928 0.12381710476345487 0.08603758811950683
0 0.6073920355902778 0.7409767150878906 0.107977294921875 0.08339643478393555
0 0.04722908867730035 0.7714969158172608 0.0944581773546007 0.08800477981567383
0 0.0802231682671441 0.889214038848877 0.12865091959635416 0.07823219299316406
0 0.9554424709743924 0.3221491813659668 0.08887210422092014 0.057769489288330075
0 0.31504779391818577 0.6818222999572754 0.11709357367621528 0.07141637802124023
0 0.06169586181640625 0.08027742058038712 0.11801232231987847 0.0966685026884079
0 0.0659285651312934 0.18077851533889772 0.1318571302625868 0.06526901721954345
0 0.40071063571506077 0.9651236534118652 0.2465294731987847 0.06975269317626953
0 0.5390531751844618 0.42308454513549804 0.13157823350694445 0.11047630310058594
0 0.9582077026367187 0.13844892978668213 0.0835845947265625 0.057532739639282224
0 0.036121029324001734 0.8425314903259278 0.06991458468967014 0.053322792053222656
0 0.16529871622721354 0.6963802337646484 0.10372127956814237 0.05790653228759766
0 0.04189817640516493 0.01718308627605438 0.0814806620279948 0.03436617255210876
0 0.5995310465494792 0.5880947113037109 0.1315792507595486 0.0928847312927246
0 0.5974003261990017 0.6566886901855469 0.12321879069010416 0.08648262023925782
0 0.7343190511067709 0.2802866458892822 0.1348849826388889 0.057032108306884766
0 0.1040072970920139 0.8066888809204101 0.095782470703125 0.06673507690429688
0 0.7170745849609375 0.5583000183105469 0.13735215928819444 0.04739246368408203
0 0.33660685221354164 0.05001551508903503 0.19591471354166667 0.08076132535934448
0 0.23958460489908853 0.927400779724121 0.10203501383463541 0.06045188903808594
0 0.02143118116590712 0.5948660850524903 0.04063678317599827 0.07405166625976563
0 0.9633389790852864 0.7253527641296387 0.07057325575086805 0.09052820205688476
0 0.7407808091905382 0.7734383106231689 0.132745361328125 0.08136548995971679
0 0.2938078138563368 0.02974073588848114 0.12223137749565972 0.03938389420509338
0 0.4223631117078993 0.5084774017333984 0.13187018500434028 0.058447742462158205
0 0.75 0.6903935185185185 0.2160493827160495 0.10648148148148143
