0 0.8418858846028646 0.2065203607082367 0.1216311984592014 0.048409664630889894
0 0.2094690958658854 0.4465175628662109 0.062004937065972224 0.04986915588378906
0 0.32512402004665797 0.3052556037902832 0.1112425062391493 0.047829627990722656
0 0.6870331658257378 0.5357887268066406 0.09373643663194445 0.04192333221435547
0 0.20342212253146702 0.605220890045166 0.09327392578125 0.03149604797363281
0 0.12518323262532552 0.22445416450500488 0.12181888156467013 0.04097146987915039
0 0.49599583943684894 0.9372282028198242 0.07637905544704861 0.046165084838867186
0 0.08467572530110677 0.7515556812286377 0.07777286105685764 0.046593856811523435
0 0.16520470513237848 0.7990252494812011 0.06740366617838542 0.05539913177490234
0 0.890793694390191 0.6935615539550781 0.06917792426215277 0.04086284637451172
0 0.18831685384114583 0.2928753852844238 0.0848603990342882 0.03662424087524414
0 0.36519961886935765 0.42887115478515625 0.1111297607421875 0.041060447692871094
0 0.06920153299967448 0.11111988723278046 0.06920954386393229 0.04700189232826233
0 0.7515353732638889 0.2869849681854248 0.09859585232204861 0.037683296203613284
0 0.9143536037868923 0.4676833152770996 0.11176215277777778 0.03828086853027344
0 0.06282662285698784 0.5287538528442383 0.10137515597873265 0.032892036437988284
0 0.7732247246636285 0.7974020957946777 0.06439971923828125 0.05038394927978516
0 0.41789839002821183 0.7905295372009278 0.13258260091145832 0.041536140441894534
0 0.8294691297743055 0.24678213596343995 0.1260860866970486 0.04330573081970215
0 0.27033479478624134 0.20862669944763185 0.08278130425347222 0.045879459381103514
0 0.7470074123806424 0.7513277053833007 0.11340094672309028 0.0516693115234375
0 0.5413157992892795 0.2162330389022827 0.06863420274522569 0.04786686897277832
0 0.36681654188368057 0.8486597061157226 0.12538180881076388 0.04928016662597656
0 0.4458526611328125 0.2506812334060669 0.08646714952256944 0.049226999282836914
0 0.46586388481987845 0.5350148200988769 0.08679250081380209 0.03732929229736328
0 0.5478490193684896 0.7086565017700195 0.06540188259548611 0.04605655670166016
0 0.9527737087673611 0.7142105579376221 0.09429965549045138 0.03987560272216797
0 0.2938926272922092 0.5650567054748535 0.0750414530436198 0.04012584686279297
0 0.2498345692952474 0.12658407688140869 0.09769778781467015 0.03862776756286621
0 0.7530374315049914 0.9287807464599609 0.1031985812717014 0.041412734985351564
0 0.41732940673828123 0.9501707077026367 0.09114803738064237 0.0463409423828125
0 0.6928706698947482 0.8886066436767578 0.10222710503472222 0.03428707122802734
0 0.4452782524956597 0.42668933868408204 0.05572645399305556 0.04741716384887695
0 0.8096540662977431 0.5046416282653808 0.09484795464409722 0.030852890014648436
0 0.5764041476779513 0.5637543678283692 0.08437330457899306 0.031231689453125
0 0.9277164035373264 0.27943689823150636 0.08532782660590278 0.04033174514770508
0 0.693619367811415 0.5943696975708008 0.08474697536892362 0.033674430847167966
0 0.9548936631944445 0.4164344310760498 0.08500908745659722 0.036066436767578126
0 0.06473024156358508 0.5951964855194092 0.08759053548177083 0.030940151214599608
0 0.40817345513237846 0.3701850414276123 0.10415072970920139 0.04150609970092774
0 0.4811472574869792 0.722379207611084 0.08229217529296876 0.04093112945556641
0 0.931146748860677 0.6007812976837158 0.1256656222873264 0.04652481079101563
0 0.5153783162434896 0.3614817142486572 0.12057427300347222 0.04173746109008789
0 0.059051428900824654 0.8149555206298829 0.0787387424045139 0.0313079833984375
0 0.503107198079427 0.2518471240997314 0.05985310872395833 0.0466801643371582
0 0.08292609320746527 0.7866750240325928 0.053664143880208334 0.028919696807861328
0 0.3617484198676215 0.2758156776428223 0.07872450086805556 0.03610081672668457
0 0.2613470713297526 0.9708884239196778 0.08983171251085069 0.027028846740722656
0 0.739005364312066 0.5560742378234863 0.05875922309027778 0.04474201202392578
0 0.5748367309570312 0.3387269973754883 0.06729261610243055 0.03815526962280273
0 0.7873092651367187 0.5884434700012207 0.062327067057291664 0.04533195495605469
0 0.3951738145616319 0.46832890510559083 0.08760342068142361 0.033770179748535155
0 0.2864442613389757 0.2584481954574585 0.07679426405164931 0.03506941795349121
0 0.1726059807671441 0.7357273101806641 0.07896372477213541 0.03575773239135742
0 0.13888507419162327 0.08433182835578919 0.10950266520182292 0.03588622808456421
0 0.2164019266764323 0.2558218240737915 0.07877095540364583 0.027573013305664064
0 0.21437191433376737 0.8501531600952148 0.04884372287326389 0.04433364868164062
0 0.18952882554796008 0.11308022737503051 0.07602725558810763 0.029715847969055176
0 0.6552013821072049 0.29196877479553224 0.098162841796875 0.03619508743286133
0 0.14608450995551214 0.17689212560653686 0.0691802978515625 0.023862838745117188
0 0.29092801411946617 0.7398489475250244 0.09031702677408854 0.034431838989257814
0 0.01919648912217882 0.8424472808837891 0.03723568386501736 0.04327659606933594
0 0.1771304236518012 0.8710390090942383 0.06254213121202257 0.05136566162109375
0 0.7657787746853298 0.3791202545166016 0.08855726453993056 0.04056568145751953
0 0.3123924255371094 0.7043243408203125 0.09586639404296875 0.03727912902832031
0 0.2891054365370009 0.37660784721374513 0.06710400051540799 0.044972896575927734
0 0.1238861083984375 0.9883798599243164 0.08909132215711806 0.023240280151367188
0 0.9523265414767795 0.7499258041381835 0.08424496120876736 0.021767807006835938
0 0.8494995964898003 0.3697636365890503 0.08331214057074653 0.03807053565979004
0 0.668139902750651 0.6257730960845947 0.08820716010199653 0.02980518341064453
0 0.18804211086697048 0.19869149923324586 0.08931206597222222 0.03477332592010498
0 0.26255298190646703 0.8434864044189453 0.06860928005642361 0.03295326232910156
0 0.17216644287109376 0.649013900756836 0.06957651774088541 0.031229019165039062
0 0.38996497260199653 0.5385269165039063 0.07182718912760416 0.03969907760620117
0 0.8284223768446181 0.815257453918457 0.08490549723307292 0.03294219970703125
0 0.8268602159288194 0.3969247817993164 0.083349609375 0.030327320098876953
0 0.39732954237196183 0.5032888412475586 0.10504828559027778 0.034571266174316405
0 0.5312576293945312 0.8738483428955078 0.09634501139322917 0.03587684631347656
0 0.5626558091905381 0.27721209526062013 0.11426340738932292 0.06970148086547852
0 0.26576385498046873 0.8716516494750977 0.0774870130750868 0.02232227325439453
0 0.8719677395290799 0.5816481590270997 0.07057359483506945 0.029912948608398438
0 0.7869998508029514 0.4268923759460449 0.07144843207465278 0.029948043823242187
0 0.023196580674913196 0.94044189453125 0.042668321397569445 0.031335067749023435
0 0.722156270345052 0.44547009468078613 0.08027394612630208 0.026861286163330077
0 0.9136705186631945 0.6446037292480469 0.07357991536458333 0.029542064666748045
0 0.6719328986273871 0.766010046005249 0.08134663899739583 0.0292205810546875
0 0.6296578301323785 0.3271942138671875 0.0618743896484375 0.046246910095214845
0 0.4228752983940972 0.30149524211883544 0.07792527940538195 0.03855996131896973
0 0.6540807935926649 0.38511362075805666 0.10333980984157987 0.030146026611328126
0 0.48752593994140625 0.4436861515045166 0.07476840549045138 0.0313267707824707
0 0.46941714816623265 0.3844290256500244 0.09289923773871528 0.02782926559448242
0 0.07751363118489583 0.2027615487575531 0.0617401123046875 0.03391906023025513
0 0.625676981608073 0.3601078510284424 0.08310614691840278 0.027960491180419923
0 0.23633482191297744 0.6368684768676758 0.10892842610677084 0.035555267333984376
0 0.5479901631673177 0.9457006454467773 0.06956227620442708 0.027272796630859374
0 0.6080682542588975 0.9626276016235351 0.07979990641276041 0.03066596984863281
0 0.4576839870876736 0.8674400329589844 0.058577813042534725 0.022580718994140624
0 0.2319586435953776 0.7593251705169678 0.0874723646375868 0.03533525466918945
0 0.3403959698147244 0.9294545173645019 0.08317527770996094 0.028194999694824217
0 0.8203762478298611 0.6586020469665528 0.06690029568142361 0.026152992248535158
