0 0.10434816148546007 0.21387107372283937 0.050297376844618054 0.045644283294677734
0 0.04015416039360894 0.3809640407562256 0.08030832078721788 0.04001035690307617
0 0.15132946438259548 0.9536489486694336 0.08221791585286459 0.02704963684082031
0 0.40478413899739585 0.8697116851806641 0.055226643880208336 0.03913612365722656
0 0.20597542656792533 0.2978082180023193 0.07862413194444444 0.029185771942138672
0 0.2390737745496962 0.5467233657836914 0.0678224351671007 0.047371292114257814
0 0.3983482360839844 0.06270837783813477 0.0875489976671007 0.03797256946563721
0 0.09152103000217014 0.42446165084838866 0.055493672688802086 0.044277381896972653
0 0.3356089486016168 0.36332197189331056 0.10394791497124566 0.037963581085205075
0 0.4247653537326389 0.21370420455932618 0.0959379408094618 0.038063764572143555
0 0.07434132893880209 0.9477607727050781 0.08370988633897569 0.04353122711181641
0 0.9621975368923611 0.7036484718322754 0.0755983140733507 0.03803234100341797
0 0.0699029286702474 0.5626711845397949 0.0897597418891059 0.029785537719726564
0 0.8398738437228732 0.10057914555072785 0.07998521592881945 0.038112682104110715
0 0.7814665052625868 0.12291359901428223 0.0771302964952257 0.03560647964477539
0 0.8970945570203993 0.728948974609375 0.06932779947916666 0.05250129699707031
0 0.8567133585611979 0.7910344123840332 0.08372684054904514 0.04634037017822266
0 0.519931877983941 0.4407832145690918 0.10631374782986111 0.038602161407470706
0 0.7098686218261718 0.40659756660461427 0.11499379475911459 0.034055233001708984
0 0.8443576388888889 0.7514461994171142 0.0697418212890625 0.03162174224853516
0 0.19901097615559896 0.038367635756731036 0.08843256632486979 0.03708901256322861
0 0.24526180691189237 0.45131626129150393 0.08384789360894097 0.03439044952392578
0 0.8241585625542535 0.8212915420532226 0.056889173719618054 0.04855499267578125
0 0.2123642815483941 0.13122477531433105 0.09170430501302083 0.03792705535888672
0 0.26450152926974824 0.06767740249633789 0.08216383192274306 0.03286967277526855
0 0.7621939765082465 0.5993465423583985 0.07354058159722222 0.03820962905883789
0 0.14594319661458333 0.47447524070739744 0.10600077311197917 0.03578453063964844
0 0.14028667873806425 0.7789435386657715 0.07432505289713541 0.05439968109130859
0 0.2966434902615017 0.17212356328964235 0.07648501925998263 0.03471405506134033
0 0.7343839857313368 0.7650608062744141 0.06201341417100695 0.051978111267089844
0 0.10198372734917535 0.8235321998596191 0.1023164537217882 0.036762237548828125
0 0.35845152537027997 0.8445211410522461 0.07304344177246094 0.04931011199951172
0 0.6746349758572049 0.8226079940795898 0.08308919270833333 0.03151226043701172
0 0.7161100599500868 0.71764235496521 0.06001044379340278 0.047455215454101564
0 0.6645000881618923 0.22458961009979247 0.07497812906901041 0.057273149490356445
0 0.6855235629611545 0.6855093479156494 0.09050818549262153 0.030442428588867188
0 0.9150677998860677 0.3385121822357178 0.06412709554036458 0.02198038101196289
0 0.5104547288682726 0.3913229465484619 0.06835259331597222 0.043510723114013675
0 0.910556877983941 0.6091389656066895 0.0737060546875 0.030121803283691406
0 0.5751435173882379 0.7741912841796875 0.08043077256944445 0.031575584411621095
0 0.972013176812066 0.6399840831756591 0.055933973524305555 0.03662452697753906
0 0.9424839443630643 0.4693657875061035 0.05919698079427083 0.02732505798339844
0 0.04305411444769965 0.21833505630493164 0.07776947021484375 0.03026094436645508
0 0.9745970408121745 0.35815911293029784 0.050805918375651044 0.03402433395385742
0 0.14179886711968315 0.2933166980743408 0.054802788628472224 0.0384246826171875
0 0.21736619737413193 0.7185080528259278 0.08999362521701389 0.04183692932128906
0 0.48183152940538193 0.23789801597595214 0.08786468505859375 0.04191274642944336
0 0.3914435492621528 0.5316394805908203 0.07917378743489584 0.029062747955322266
0 0.1282774183485243 0.04471087455749512 0.08982120090060763 0.03425697088241577
0 0.9466028849283854 0.7410235404968262 0.05054660373263889 0.04649333953857422
0 0.8657243516710069 0.16881972551345825 0.07366553412543403 0.03549003601074219
0 0.4572669135199653 0.08480751514434814 0.06451585557725695 0.047323203086853026
0 0.2338627709282769 0.7510941028594971 0.08853556315104166 0.02459859848022461
0 0.3997901068793403 0.011248497664928437 0.07752821180555555 0.022400251030921935
0 0.8027925279405382 0.15729851722717286 0.04837917751736111 0.042057228088378903
0 0.8322603013780382 0.6193928718566895 0.07880282931857639 0.03245668411254883
0 0.19611426459418402 0.6203929901123046 0.0837431165907118 0.030562973022460936
0 0.1616376664903429 0.7366657733917237 0.06322063869900174 0.029841232299804687
0 0.8360665215386285 0.7062472343444824 0.055637953016493054 0.040118408203125
0 0.7769498189290365 0.7955867767333984 0.07785356309678819 0.02869758605957031
0 0.20399534437391492 0.6541169166564942 0.09565192328559027 0.03703088760375976
0 0.09933497111002604 0.7555446624755859 0.055075920952690975 0.0302398681640625
0 0.9226577758789063 0.18543130159378052 0.07210422092013889 0.025861644744873048
0 0.14639002482096355 0.08558803796768188 0.06118384467230903 0.036211824417114256
0 0.7458999633789063 0.22532501220703124 0.088079833984375 0.03892946243286133
0 0.7158796522352431 0.3646279573440552 0.06769171820746528 0.05160999298095703
0 0.11887283325195312 0.9267096519470215 0.06940171983506944 0.029078865051269533
0 0.16352225409613716 0.43908157348632815 0.09017367892795139 0.03599357604980469
0 0.2078365749782986 0.7756009101867676 0.07493981255425347 0.03014850616455078
0 0.01942045423719618 0.443784236907959 0.03884090847439236 0.037498855590820314
0 0.20338995191786025 0.5874528884887695 0.08923026190863716 0.03803672790527344
0 0.5065316942003039 0.7575746059417725 0.057696702745225696 0.03011627197265625
0 0.7663853963216146 0.6881093978881836 0.07527567545572916 0.03685474395751953
0 0.601389651828342 0.6812718391418457 0.08586103651258681 0.030687618255615234
0 0.9529809739854601 0.5564559936523438 0.04786834716796875 0.03869304656982422
0 0.9477340698242187 0.30792946815490724 0.0589447021484375 0.024236488342285156
0 0.8277464124891493 0.6444892883300781 0.06293741861979167 0.026691627502441407
0 0.3255922317504883 0.30429027080535886 0.07344084845648871 0.02921156883239746
0 0.07695176866319445 0.061394375562667844 0.09160308837890625 0.02791839838027954
0 0.5674945407443577 0.803049635887146 0.06715528700086805 0.02672581672668457
0 0.8228109571668837 0.29322829246521 0.04419691297743056 0.033148765563964844
0 0.799030049641927 0.26829407215118406 0.07352430555555556 0.0317718505859375
0 0.2679590861002604 0.9841419219970703 0.09854193793402778 0.031366729736328126
0 0.7569731818305121 0.3418864727020264 0.07039371066623264 0.04220647811889648
0 0.6400784810384115 0.7142936706542968 0.09141031901041667 0.03361301422119141
0 0.7026197645399306 0.25700716972351073 0.08598090277777778 0.029327869415283203
0 0.19551607767740886 0.6851628303527832 0.07070049709743924 0.026303672790527345
0 0.1356168958875868 0.40423097610473635 0.07324117024739583 0.037181758880615236
0 0.09139556884765625 0.5811906814575195 0.05847388373480903 0.029931354522705077
0 0.4740503946940104 0.029104536026716234 0.09481167263454861 0.030421985685825347
0 0.7847052680121528 0.7652297973632812 0.03959994845920139 0.035239791870117186
0 0.624836900499132 0.3761232137680054 0.06599595811631945 0.031476068496704104
0 0.09244020250108496 0.09855288245059825 0.0778845202285077 0.04710719806176649
0 0.4833121405707465 0.009516233950853348 0.08704444037543403 0.01887277513742447
0 0.7863252427842882 0.45929622650146484 0.0404388427734375 0.029432296752929688
0 0.18676931593153212 0.07216476202011109 0.05717671712239583 0.02561558485031128
0 0.8590101453993055 0.9944455623626709 0.05823499891493056 0.011108875274658203
0 0.9862112257215712 0.474152135848999 0.02757754855685764 0.02886953353881836
0 0.665641106499566 0.35249154567718505 0.04792226155598958 0.05001811981201172
0 0.31239573160807294 0.5530916213989258 0.06194915771484375 0.03127784729003906
0 0.6007782830132379 0.2712437868118286 0.056215922037760414 0.025089073181152343
0 0.17195621066623265 0.4989782333374023 0.05149485270182292 0.030112838745117186
0 0.7802471584743924 0.6576427459716797 0.059767659505208334 0.022434234619140625
0 0.981818601820204 0.6671878814697265 0.03636279635959201 0.014452743530273437
0 0.39092881944444446 0.37421140670776365 0.055836656358506945 0.03343133926391602
0 0.6903292181069958 0.15162037037037035 0.03909465020576127 0.026620370370370357
0 0.9454732510288065 0.27141203703703703 0.04732510288065862 0.053240740740740804
