0 0.1419086456298828 0.8101286888122559 0.11539815266927084 0.042165946960449216
0 0.43311767578125 0.5073092460632325 0.10504150390625 0.058363723754882815
0 0.8817296346028646 0.8270988225936889 0.07892964680989584 0.05727391242980957
0 0.271755854288737 0.8120200157165527 0.11569646199544271 0.058127403259277344
0 0.30581592983669703 0.39904170036315917 0.08573599921332466 0.06132698059082031
0 0.13344959682888455 0.4319620132446289 0.10955157809787326 0.050092124938964845
0 0.1978452894422743 0.2919979810714722 0.12278493245442708 0.0530975341796875
0 0.31905699835883244 0.47752685546875 0.09486160278320313 0.04535236358642578
0 0.7124480353461371 0.10024378299713135 0.08780754937065972 0.030674076080322264
0 0.8263129340277777 0.3594962120056152 0.08408881293402778 0.053888893127441405
0 0.8139767116970487 0.10109507739543915 0.10956861707899306 0.039877182245254515
0 0.6896565755208334 0.8313638687133789 0.13704664442274306 0.05865497589111328
0 0.8354739718967014 0.14023382663726808 0.08114793565538195 0.04152140617370605
0 0.661293707953559 0.46826705932617185 0.1098419189453125 0.036757278442382815
0 0.5801539103190104 0.9621736526489257 0.08834771050347222 0.04321002960205078
0 0.8753697713216145 0.06603355258703232 0.08063727484809027 0.04531407654285431
0 0.20699539184570312 0.9595769882202149 0.0775146484375 0.052587127685546874
0 0.6413154602050781 0.9843450546264648 0.09298231336805556 0.03130912780761719
0 0.6522400750054254 0.0772777795791626 0.10403967963324653 0.03472576141357422
0 0.3581707212660048 0.8827344894409179 0.12830848693847657 0.05501766204833984
0 0.7152398003472222 0.32163105010986326 0.08154568142361111 0.054150867462158206
0 0.40768137802312404 0.7527244726816813 0.14605699704017164 0.06746772130330404
0 0.5338395860460069 0.652119255065918 0.07450798882378472 0.05560512542724609
0 0.5799198574490018 0.03691569268703461 0.07762824164496528 0.045383089780807497
0 0.8435295952690972 0.31741747856140134 0.06468607584635416 0.03859519958496094
0 0.4170839097764757 0.6731938362121582 0.11379191080729166 0.05212211608886719
0 0.6075205485026042 0.3088978290557861 0.08881717258029515 0.03174018859863281
0 0.9319771660698785 0.10804134607315063 0.0762727525499132 0.02973151206970215
0 0.7608288235134548 0.9117110252380372 0.07882113986545139 0.05841846466064453
0 0.39550899929470484 0.4479494571685791 0.07990960015190972 0.029329872131347655
0 0.8919848124186198 0.1296673059463501 0.06878475613064236 0.046770668029785155
0 0.6882488674587673 0.3008290767669678 0.06871100531684028 0.04427680969238281
0 0.9061589558919271 0.36623659133911135 0.10041656494140624 0.04804010391235351
0 0.8337176852756076 0.7189435958862305 0.12530687120225695 0.05237436294555664
0 0.23202184041341145 0.42303560972213744 0.07333306206597222 0.06039373874664307
0 0.294568125406901 0.31212725639343264 0.07345767550998264 0.04112234115600586
0 0.2619979434543186 0.350623631477356 0.06719724867078992 0.036847400665283206
0 0.8990882025824652 0.6552247524261474 0.07177564832899305 0.045988941192626955
0 0.9642615305285239 0.12836768438941554 0.05276353624131944 0.031583714485168425
0 0.575337388780382 0.4729405403137207 0.06893174913194444 0.06049690246582031
0 0.6913071526421442 0.3710304021835327 0.10049794514973959 0.049119997024536136
0 0.8281826443142362 0.986726188659668 0.10202263726128472 0.026547622680664063
0 0.3877593994140625 0.5534220695495605 0.0726530287000868 0.041456985473632815
0 0.254890145195855 0.43965730667114256 0.06433291965060764 0.03509254455566406
0 0.8947935316297743 0.6862281799316406 0.05300564236111111 0.020780277252197266
0 0.9700803968641493 0.7153090953826904 0.055888536241319446 0.03348360061645508
