0 0.08148367140028212 0.2871659755706787 0.08475943671332466 0.02956047058105469
0 0.47054324679904513 0.1233708381652832 0.07387661404079861 0.03453364372253418
0 0.07647412618001302 0.64949951171875 0.07136637369791667 0.02872886657714844
0 0.743030293782552 0.5190513134002686 0.055747138129340276 0.02335948944091797
0 0.4078019036187066 0.20218634605407715 0.07469601101345485 0.03767848014831543
0 0.1691949208577474 0.5376479625701904 0.08219172159830729 0.03276481628417969
0 0.11968841552734374 0.49581422805786135 0.05413945515950521 0.03675689697265625
0 0.2284255133734809 0.43633012771606444 0.08386773003472223 0.028693580627441408
0 0.316804928249783 0.35132858753204343 0.07876213921440972 0.028684043884277345
0 0.26204266018337674 0.11718696355819702 0.06415786743164062 0.030576300621032716
0 0.17432840135362412 0.13583484888076783 0.07011871337890625 0.02742760181427002
0 0.9707973904079861 0.05535022020339966 0.05840521918402778 0.029823994636535643
0 0.5632539537217882 0.6803724288940429 0.07123040093315972 0.02467689514160156
0 0.22366778055826822 0.0833665668964386 0.06389651828342013 0.039926230907440186
0 0.8283394707573785 0.8648998260498046 0.07654012044270833 0.030207443237304687
0 0.4709186130099826 0.9021003723144532 0.06370476616753472 0.03453750610351562
0 0.8596024407280816 0.06361349821090698 0.06278076171875 0.029294705390930174
0 0.6022237141927084 0.21572589874267578 0.05313517252604167 0.028182125091552733
0 0.25356504652235246 0.03519168198108673 0.0499725341796875 0.04894097447395325
0 0.8540337456597222 0.2007307767868042 0.0652008056640625 0.030342960357666017
0 0.9781650967068143 0.2645698547363281 0.043669806586371526 0.029651641845703125
0 0.9607459174262153 0.49642133712768555 0.050054931640625 0.024731826782226563
0 0.573661380343967 0.23885717391967773 0.05622321234809028 0.03387303352355957
0 0.6877712673611112 0.5198687553405762 0.04890407986111111 0.028679084777832032
0 0.9725094265407986 0.1550973653793335 0.05498114691840278 0.030829477310180663
0 0.7372641669379341 0.8047151327133178 0.059792412651909724 0.030100679397583006
0 0.7342555575900608 0.04061416387557983 0.05561286078559028 0.028666341304779054
0 0.5564017401801216 0.20000677704811096 0.04659084743923611 0.03096550703048706
0 0.059232330322265624 0.47107133865356443 0.07657402886284723 0.039171600341796876
0 0.7580973307291666 0.7133627891540527 0.06082560221354167 0.030195236206054688
0 0.3928987291124132 0.5232903480529785 0.07393934461805556 0.025757789611816406
0 0.54701173570421 0.5988253593444824 0.0515043470594618 0.03147821426391602
0 0.531309085422092 0.1438504695892334 0.048170979817708334 0.03709845542907715
0 0.8816255357530381 0.8283117294311524 0.07310706244574652 0.038116455078125
0 0.6539371066623264 0.21813488006591797 0.054489813910590275 0.03230414390563965
0 0.13871048821343315 0.6535609245300293 0.06825493706597222 0.023101806640625
0 0.7677125718858507 0.0653329610824585 0.06574130588107639 0.029777932167053222
0 0.19994396633572048 0.16637121438980101 0.0632125006781684 0.04604394435882568
0 0.07330864800347223 0.5042726516723632 0.0702757093641493 0.03498268127441406
0 0.4945734659830729 0.6434857845306396 0.07073160807291666 0.02431831359863281
0 0.7271019829644098 0.383098840713501 0.07637498643663194 0.0320399284362793
0 0.2524253845214844 0.7954476833343506 0.06153530544704861 0.024018001556396485
0 0.2626066419813368 0.6257919311523438 0.0700954861111111 0.03017139434814453
0 0.19751680162217883 0.9850784301757812 0.06354624430338542 0.02961883544921875
0 0.21667421129014758 0.5936191558837891 0.07025536431206597 0.02908153533935547
0 0.9594653659396701 0.022873842716217042 0.06849297417534722 0.04309528470039368
0 0.24871817694769965 0.27879891395568845 0.054363844129774304 0.030600261688232423
0 0.836794196234809 0.6331182479858398 0.06276821560329861 0.025980567932128905
0 0.3409780078464084 0.05165453553199768 0.06706199645996094 0.03711820840835571
0 0.6083651224772135 0.49851789474487307 0.04328155517578125 0.027674198150634766
0 0.38555467393663195 0.153093159198761 0.060341729058159724 0.02864258289337158
0 0.11637335883246527 0.0898169755935669 0.08338580661349826 0.02385406494140625
0 0.31557634141710067 0.2607933282852173 0.051196119520399305 0.030360698699951172
0 0.2831708696153429 0.7297715187072754 0.04994159274631076 0.022340106964111327
0 0.841286383734809 0.5349303245544433 0.06882256401909723 0.028556632995605468
0 0.5899549696180556 0.8238321304321289 0.06728752983940972 0.0233612060546875
0 0.9773330688476562 0.10710389614105224 0.04480963812934028 0.04663906097412109
0 0.39697740342881943 0.23440783023834227 0.07526991102430555 0.0270261287689209
0 0.8442274305555556 0.324251127243042 0.05364278157552083 0.021080160140991212
0 0.20739050971137152 0.35558674335479734 0.07803819444444444 0.028032207489013673
0 0.1939602322048611 0.10661230385303497 0.052587890625 0.041440004110336305
0 0.2598046196831597 0.36745281219482423 0.04121602376302083 0.03910408020019531
0 0.9388053046332465 0.0832006573677063 0.05397372775607639 0.05367136001586914
0 0.23438534206814235 0.6588453769683837 0.04993320041232639 0.027396965026855468
0 0.8106221516927083 0.42849483489990237 0.06282077365451388 0.027755069732666015
0 0.937053934733073 0.7250788688659668 0.0645263671875 0.030324554443359374
0 0.6033284505208333 0.453444766998291 0.06752777099609375 0.031360816955566403
0 0.2581171671549479 0.40534119606018065 0.05102199978298611 0.0406463623046875
0 0.8668702867296006 0.43730955123901366 0.059088812934027776 0.026682472229003905
0 0.17309239705403645 0.3003743410110474 0.07143096923828125 0.02320833206176758
0 0.27397825453016494 0.9596052169799805 0.04934115939670139 0.030916976928710937
0 0.5556032816569011 0.8884267807006836 0.054443359375 0.03434066772460938
0 0.7024922688802083 0.42934556007385255 0.03935648600260417 0.03033733367919922
0 0.062445916069878475 0.5652502059936524 0.07192764282226563 0.025384140014648438
0 0.4149809095594618 0.5702336311340332 0.048142496744791666 0.03983745574951172
0 0.2680651346842448 0.1608823537826538 0.057724677191840275 0.022602176666259764
0 0.7932000901963976 0.8056297302246094 0.05538906521267361 0.018960189819335938
0 0.32171660529242624 0.016681596636772156 0.045186954074435765 0.03308834433555603
0 0.8921485053168403 0.1527288317680359 0.052392578125 0.029792237281799316
0 0.5122656928168403 0.3324204206466675 0.0643705579969618 0.026044321060180665
0 0.8030924479166667 0.6469316482543945 0.03525950113932292 0.02746124267578125
0 0.21705703735351561 0.47568860054016116 0.04649319118923611 0.04049129486083984
0 0.6243657430013021 0.38228325843811034 0.05757921006944444 0.02999143600463867
0 0.8012276543511285 0.31755871772766114 0.042679511176215275 0.03392810821533203
0 0.8290888468424479 0.585528564453125 0.0697174072265625 0.024411392211914063
0 0.5364436679416232 0.2789852857589722 0.06638912624782986 0.022915220260620116
0 0.29650794135199654 0.7087523937225342 0.06857062445746528 0.019874382019042968
0 0.4580580817328559 0.23244831562042237 0.05529751247829861 0.030752897262573242
0 0.8030619303385417 0.4539905071258545 0.07099846733940972 0.025517749786376952
0 0.8331058926052517 0.675740098953247 0.044058905707465276 0.024487113952636717
0 0.8031121148003473 0.13347806930541992 0.0498870849609375 0.027991056442260742
0 0.7885359022352431 0.6789103031158448 0.05311465793185764 0.03586416244506836
0 0.38201082017686633 0.38446640968322754 0.06013844807942708 0.02089371681213379
0 0.44469994439019095 0.0983960747718811 0.06186896430121528 0.02449626922607422
0 0.07589679294162327 0.20467901825904847 0.07494235568576389 0.02881373167037964
0 0.24398778279622396 0.14030436277389527 0.0705018785264757 0.024487614631652832
0 0.6855006747775607 0.4030113220214844 0.06745096842447916 0.025982475280761717
0 0.41179368760850693 0.12238714694976807 0.04694756401909722 0.04180874824523926
0 0.26964424981011287 0.6857643127441406 0.07186686197916667 0.02961311340332031
0 0.6709179348415799 0.271121883392334 0.06049567328559028 0.02624831199645996
0 0.5468338012695313 0.628817081451416 0.06852484809027778 0.02639350891113281
0 0.7140090942382813 0.6782938957214355 0.05064968532986111 0.022660064697265624
0 0.9075222439236111 0.2327360153198242 0.052480061848958336 0.025484085083007812
0 0.583881123860677 0.11922460794448853 0.04659678141276042 0.033650970458984374
0 0.5744393242730035 0.4249993324279785 0.06984117296006945 0.02505016326904297
0 0.8628004286024306 0.5057789325714112 0.056559922960069446 0.03611879348754883
0 0.7588277180989583 0.4173234462738037 0.039560953776041664 0.031856632232666014
0 0.6868711683485244 0.2506877899169922 0.05714145236545139 0.02084484100341797
0 0.3686504787868924 0.25898792743682864 0.052474297417534725 0.028052473068237306
0 0.2167687733968099 0.5668985843658447 0.05561659071180555 0.02844581604003906
0 0.6644842359754775 0.4456333637237549 0.046756150987413196 0.020723915100097655
0 0.6835030449761285 0.11239363849163056 0.03944634331597222 0.03728271126747131
0 0.4890684339735243 0.6084346771240234 0.05834825303819444 0.023267745971679688
0 0.8090528700086805 0.1656944990158081 0.0447938707139757 0.028180742263793947
0 0.494146728515625 0.17292969226837157 0.05599026150173611 0.02982645034790039
0 0.7670296563042535 0.015957725048065186 0.04881625705295139 0.031856614351272586
0 0.5864771525065104 0.36017141342163084 0.04649692111545139 0.028482437133789062
0 0.23893021477593315 0.7038509368896484 0.04500528971354167 0.038115501403808594
0 0.38293321397569446 0.6927152633666992 0.05609775119357639 0.023603439331054688
0 0.6433117336697048 0.4667140007019043 0.034907701280381946 0.025763893127441408
0 0.29382222493489585 0.04196955859661102 0.040618218315972225 0.03816826939582825
0 0.9293860541449652 0.3717788219451904 0.07581973605685764 0.0252288818359375
0 0.32785186767578123 0.4614589691162109 0.0487764146592882 0.023986625671386718
0 0.5558160569932725 0.4697911262512207 0.040095011393229164 0.033738136291503906
0 0.5132966783311632 0.721077823638916 0.03234829372829861 0.030396080017089842
0 0.9676311916775173 0.7425395965576171 0.04683956570095486 0.023832035064697266
0 0.4225273980034722 0.25943081378936766 0.060353257921006945 0.027152347564697265
0 0.28455819023980033 0.6590906620025635 0.06583116319444444 0.03560857772827149
0 0.7558110555013021 0.661754846572876 0.0408203125 0.02036428451538086
0 0.12433700561523438 0.521054458618164 0.06586964925130208 0.024971771240234374
0 0.6376810709635417 0.25800509452819825 0.04747195773654514 0.025597858428955077
0 0.5680428398980035 0.654362154006958 0.04100986056857639 0.02767772674560547
0 0.5792432149251302 0.6124496459960938 0.048342725965711805 0.021139907836914062
0 0.6300902472601997 0.4093029022216797 0.04401601155598958 0.02806081771850586
0 0.7673807779947917 0.787264633178711 0.04736141628689236 0.021856307983398438
0 0.540519290500217 0.44858570098876954 0.054106818305121526 0.018711090087890625
0 0.8503907097710504 0.13629543781280518 0.04545576307508681 0.02200760841369629
0 0.3517021179199219 0.3671377420425415 0.05504116482204861 0.021607255935668944
0 0.8254828559027778 0.5608296394348145 0.055653889973958336 0.02188873291015625
0 0.7779608832465278 0.1725703477859497 0.04416266547309028 0.030698394775390624
0 0.07807718912760417 0.22819652557373046 0.08411568535698785 0.02126922607421875
0 0.9639680650499132 0.3818495273590088 0.039825439453125 0.021933555603027344
0 0.7526206970214844 0.26026597023010256 0.09202982584635416 0.02467336654663086
0 0.5374493069118924 0.5092920303344727 0.04340379503038194 0.03724346160888672
0 0.6135889689127604 0.09098388552665711 0.053990003797743054 0.027916133403778076
0 0.4021721733940972 0.07713395357131958 0.08365308973524306 0.020964407920837404
0 0.320489756266276 0.11883087158203125 0.06054484049479167 0.02783041000366211
0 0.1558193630642361 0.3850396156311035 0.061947462293836804 0.01784238815307617
0 0.498486582438151 0.25342793464660646 0.04116702609592014 0.027484893798828125
0 0.7559849209255642 0.534050178527832 0.03460269504123264 0.020025062561035156
0 0.2685278574625651 0.1955621361732483 0.04895672268337674 0.03866708278656006
0 0.8168624877929688 0.47234477996826174 0.04035542805989583 0.019247055053710938
0 0.18562325371636285 0.4020530581474304 0.05501013861762153 0.025234055519104005
0 0.8246866861979166 0.6087629318237304 0.046141899956597225 0.019661331176757814
0 0.5347186618381077 0.17757077217102052 0.05028313530815972 0.028522253036499023
0 0.45357191297743055 0.18613359928131104 0.044074334038628475 0.025596809387207032
0 0.565841081407335 0.49404153823852537 0.033164130316840276 0.02449312210083008
0 0.297674306233724 0.17642149925231934 0.0526153564453125 0.018706512451171876
0 0.1489193810356988 0.11362724304199219 0.05008833143446181 0.031326818466186526
0 0.5539382934570313 0.7898691654205322 0.04943457709418403 0.01877765655517578
0 0.5868438720703125 0.2656298398971558 0.06647711859809027 0.023715734481811523
0 0.7634588453504775 0.14580559730529785 0.0617095947265625 0.02772202491760254
0 0.6524747212727865 0.364987850189209 0.036949835883246525 0.028525829315185547
0 0.784604983859592 0.040725046396255495 0.05398101806640625 0.025338852405548097
0 0.678424072265625 0.38015620708465575 0.03599141438802083 0.023353433609008788
0 0.6229110717773437 0.34377236366271974 0.05830586751302083 0.02194838523864746
0 0.4217523362901476 0.16761730909347533 0.06931711832682291 0.0270444393157959
0 0.3158633761935764 0.09668737649917603 0.05852322048611111 0.020873475074768066
0 0.4936993916829427 0.14887335300445556 0.048056708441840276 0.026565122604370116
0 0.6902979532877604 0.2314896583557129 0.058480156792534724 0.022086668014526366
0 0.7870033264160157 0.3990053653717041 0.04480183919270833 0.034003925323486325
0 0.5273128650806568 0.2533186594645182 0.03981871428313079 0.032946014404296876
0 0.6470552232530382 0.23583598136901857 0.041548665364583334 0.021700477600097655
0 0.8473140292697483 0.15413823127746581 0.04833441840277778 0.028417682647705077
0 0.3999669312169313 0.056733630952380945 0.06944444444444445 0.022321428571428565
0 0.9268518518518518 0.3296875 0.06296296296296296 0.028125
