0 0.40639945136176214 0.3882235765457153 0.10035925971137152 0.04185605049133301
0 0.40252151489257815 0.8301337242126465 0.10669403076171875 0.04070358276367188
0 0.7993934631347657 0.6187257766723633 0.08114064534505208 0.05639667510986328
0 0.41163931952582467 0.29114551544189454 0.10126529269748263 0.041094303131103516
0 0.08644112481011285 0.5233682632446289 0.12235743204752604 0.04360179901123047
0 0.1694319831000434 0.2292081356048584 0.08311241997612848 0.036719131469726565
0 0.6259753757052952 0.27110016345977783 0.06959771050347222 0.02940969467163086
0 0.961378902859158 0.600950050354004 0.06436377631293402 0.04553852081298828
0 0.8906048244900173 0.6032708168029786 0.08185628255208334 0.03174896240234375
0 0.24548907809787326 0.5614084243774414 0.08705020480685764 0.042189407348632815
0 0.6791225009494357 0.26453657150268556 0.05502692328559028 0.04300079345703125
0 0.6318791707356771 0.530492115020752 0.09503597683376735 0.048601722717285155
0 0.17712114122178818 0.40311322212219236 0.06238064236111111 0.04593534469604492
0 0.19763734605577257 0.6031183242797852 0.08111818101671008 0.04087371826171875
0 0.3140542772081163 0.5650915145874024 0.05825246175130208 0.05031576156616211
0 0.42696626451280384 0.33987250328063967 0.09316134982638889 0.044537830352783206
0 0.171209716796875 0.5527046680450439 0.08423631456163194 0.025792312622070313
0 0.11115917629665799 0.3009854555130005 0.06607632107204861 0.03609147071838379
0 0.3277898152669271 0.522124195098877 0.09724036322699653 0.037746238708496097
0 0.5806683010525173 0.425870943069458 0.06001688639322917 0.05687999725341797
0 0.6928033616807726 0.7826216697692872 0.07349802652994791 0.028839492797851564
0 0.8592859903971354 0.38661339282989504 0.07085706922743056 0.040507936477661134
0 0.0704215579562717 0.4107395648956299 0.08967268202039931 0.050864124298095705
0 0.8843104044596354 0.6946036338806152 0.08227166069878472 0.03576736450195313
0 0.2411727057562934 0.4273228645324707 0.06503685845269097 0.03712730407714844
0 0.7234242757161459 0.6237456321716308 0.05224643283420139 0.04376201629638672
0 0.6928171793619792 0.7402134895324707 0.07668948703342014 0.031160354614257812
0 0.5242458767361111 0.413942289352417 0.06305016411675347 0.036822032928466794
0 0.6863501654730902 0.46385774612426756 0.059471978081597224 0.04059333801269531
0 0.5395089043511285 0.516416358947754 0.09004143608940972 0.032332420349121094
0 0.8467110527886285 0.5508569240570068 0.09193115234375 0.042265129089355466
0 0.1922106424967448 0.31485121250152587 0.09366556803385416 0.028881549835205078
0 0.5267886691623264 0.46840848922729494 0.07301567925347222 0.047302627563476564
0 0.548667229546441 0.7114204406738281 0.08635491265190973 0.0369877815246582
0 0.044034915500217015 0.5713753223419189 0.06443650987413195 0.03793420791625977
0 0.2889436509874132 0.4224536895751953 0.05957489013671875 0.03673858642578125
0 0.6437511867947049 0.43139967918395994 0.09585062662760417 0.046224117279052734
0 0.7948652479383681 0.5193929672241211 0.09079861111111111 0.03552541732788086
0 0.861566162109375 0.41777782440185546 0.07175733778211806 0.026515388488769533
0 0.6561516655815972 0.3258697032928467 0.10679660373263888 0.06697158813476563
0 0.5017550998263889 0.5372629165649414 0.08822597927517362 0.0384058952331543
0 0.2770541720920139 0.31372671127319335 0.073529052734375 0.03958139419555664
0 0.03299992879231771 0.3130852460861206 0.06344095865885417 0.03879075050354004
0 0.44278208414713544 0.4599360466003418 0.06597883436414931 0.04123973846435547
0 0.35870912339952254 0.3155671119689941 0.05858154296875 0.05303630828857422
0 0.5796453687879775 0.3007579565048218 0.08960147433810764 0.033602142333984376
0 0.667902119954427 0.6035101890563965 0.07620951334635416 0.043097305297851565
0 0.1958635965983073 0.47626590728759766 0.09582316080729167 0.03501625061035156
0 0.27619111802842883 0.6254886627197266 0.10880805121527778 0.03804302215576172
0 0.47206336127387155 0.4958941459655762 0.05104031032986111 0.04777336120605469
0 0.9649409823947482 0.3886596202850342 0.06348944769965278 0.04620847702026367
0 0.7505845811631945 0.5871198177337646 0.07075771755642361 0.03621587753295898
0 0.5920917087131077 0.5781021595001221 0.08762613932291667 0.03483924865722656
0 0.8512615627712674 0.35112273693084717 0.062357584635416664 0.028693628311157227
0 0.5877459208170573 0.48973979949951174 0.053616502549913195 0.03682022094726563
0 0.4859402126736111 0.43825507164001465 0.08070780436197916 0.026149845123291014
0 0.7971233791775174 0.36144275665283204 0.08058302137586805 0.029913616180419923
0 0.30726725260416665 0.37272028923034667 0.07131466335720486 0.028164196014404296
0 0.9003373887803819 0.512041711807251 0.10110507541232638 0.050908660888671874
0 0.16142340766059027 0.8548392295837403 0.09911227756076389 0.032432174682617186
0 0.4887070549858941 0.5724507331848144 0.09116363525390625 0.030901050567626952
0 0.4057215372721354 0.6133683204650879 0.08236490885416667 0.02912311553955078
0 0.7414676242404514 0.38233983516693115 0.08598971896701389 0.03772120475769043
0 0.9223470899793836 0.7219999313354493 0.05732201470269097 0.04407997131347656
0 0.1633164299858941 0.2829125881195068 0.08201531304253472 0.032263755798339844
0 0.1294364505343967 0.4674078941345215 0.07715123494466146 0.02747631072998047
0 0.7647420247395833 0.3018911361694336 0.06328921847873265 0.029176998138427734
0 0.7724543253580729 0.6544877529144287 0.06508043077256945 0.04647912979125977
0 0.6944649590386285 0.5765132904052734 0.07023383246527778 0.027519989013671874
0 0.6051903618706598 0.6360964298248291 0.09491814507378472 0.037050724029541016
0 0.713606940375434 0.34099199771881106 0.1131500244140625 0.0449641227722168
0 0.22173695034450955 0.3412961006164551 0.08225843641493055 0.025949668884277344
0 0.025321155124240453 0.234987473487854 0.046989525689019096 0.02955470085144043
0 0.38085547553168403 0.5518283843994141 0.09262898763020834 0.03745899200439453
0 0.36722920735677084 0.6439016342163086 0.05539499918619792 0.036615943908691405
0 0.10139083862304688 0.5757163047790528 0.05107472737630208 0.0476806640625
0 0.9697610643174913 0.5526249885559082 0.059248860677083334 0.03298931121826172
0 0.45449820624457465 0.6472195148468017 0.08804745144314235 0.029421234130859376
0 0.8010408189561632 0.3310361862182617 0.0780147976345486 0.03241682052612305
0 0.5708592732747396 0.7424164772033691 0.0611328125 0.03432273864746094
0 0.9288294474283855 0.4355323314666748 0.11987745496961806 0.044782161712646484
0 0.4122465345594618 0.522890567779541 0.08851064046223958 0.0265899658203125
0 0.5516072591145833 0.3602477550506592 0.05496554904513889 0.035928535461425784
0 0.23210355970594618 0.37834877967834474 0.08224165174696181 0.03190832138061524
0 0.6672315809461805 0.4937851905822754 0.06899481879340277 0.02673759460449219
0 0.2873302035861545 0.4583094120025635 0.09896206325954861 0.03337364196777344
0 0.6479156494140625 0.3947636127471924 0.06474270290798612 0.028710365295410156
0 0.5005889044867622 0.3320073843002319 0.06665276421440972 0.02782163619995117
0 0.7577327304416233 0.4076685428619385 0.05546773274739583 0.033802127838134764
0 0.13259569803873697 0.49499125480651857 0.07516114976671007 0.026335716247558594
0 0.633414543999566 0.3353907108306885 0.05900794135199653 0.045826053619384764
0 0.44330223931206597 0.4225877285003662 0.08964809841579861 0.04279794692993164
0 0.5163887023925782 0.744989538192749 0.04342159695095486 0.03782310485839844
0 0.41562389797634547 0.49599294662475585 0.06934729682074653 0.03000946044921875
0 0.3629866706000434 0.4293102741241455 0.09338768853081597 0.03254518508911133
0 0.03501718309190538 0.5389578819274903 0.06457426283094618 0.026123046875
0 0.7508395724826389 0.4643967628479004 0.07649773491753473 0.03545856475830078
0 0.8105647616916233 0.39881119728088377 0.06185523139105903 0.03678131103515625
0 0.9063855489095052 0.3390716552734375 0.08773786756727431 0.027060699462890626
0 0.339681159125434 0.674589729309082 0.0588743421766493 0.03032054901123047
0 0.5017751057942709 0.6744011878967285 0.04962497287326389 0.03722381591796875
0 0.9705724928114149 0.646353816986084 0.05885501437717014 0.024037837982177734
0 0.3385798984103733 0.6176837921142578 0.06573944091796875 0.026775074005126954
0 0.7064713372124566 0.518216609954834 0.09689483642578126 0.030456352233886718
0 0.906843736436632 0.3682727813720703 0.07635972764756944 0.03218245506286621
0 0.25113033718532984 0.4979705810546875 0.11084865993923611 0.031064224243164063
0 0.840494876437717 0.6453900337219238 0.07396291097005209 0.03682651519775391
0 0.4728510538736979 0.6023429870605469 0.08787740071614583 0.03185596466064453
0 0.5412044949001736 0.3180434226989746 0.059966023763020834 0.027428531646728517
0 0.7964090983072917 0.7282322883605957 0.07717217339409722 0.029433727264404297
0 0.6307686699761285 0.46752252578735354 0.06345723470052084 0.02594165802001953
0 0.6722703721788195 0.3740900993347168 0.10147264268663195 0.0282163143157959
0 0.7661495632595486 0.49318737983703614 0.08312615288628472 0.027293872833251954
0 0.1471615261501736 0.5890051841735839 0.051507059733072916 0.04457664489746094
0 0.9221901787651909 0.40276260375976564 0.04960293240017361 0.04034700393676758
0 0.7174996270073785 0.6565281867980957 0.058762613932291666 0.029975128173828126
0 0.5896970960828993 0.38451805114746096 0.05580003526475694 0.030501651763916015
0 0.40611657036675347 0.5823023796081543 0.07406548394097222 0.028327178955078126
0 0.502775149875217 0.6323437690734863 0.05302971733940972 0.02592458724975586
0 0.3006818135579427 0.3971097946166992 0.07551523844401041 0.02105369567871094
0 0.3853237575954861 0.6697966575622558 0.042683580186631945 0.03115711212158203
0 0.9581166585286458 0.4230003356933594 0.08366004096137153 0.02761983871459961
0 0.3285801357693142 0.5884812831878662 0.06913621690538195 0.02682971954345703
0 0.240590328640408 0.2859794139862061 0.0666690402560764 0.03920726776123047
0 0.6979726155598959 0.5500105857849121 0.07187398274739583 0.029815483093261718
0 0.8126863267686631 0.7682697296142578 0.035023668077256945 0.029192161560058594
0 0.7422320895724827 0.33647727966308594 0.05924716525607639 0.050857162475585936
0 0.43570081922743054 0.553459358215332 0.051964823404947916 0.03393115997314453
