0 0.9522127787272135 0.7588047027587891 0.09295332166883681 0.040871047973632814
0 0.7515716552734375 0.8910068511962891 0.0741607666015625 0.05134391784667969
0 0.9529515584309896 0.4037946820259094 0.09266187879774306 0.03575265407562256
0 0.8042495727539063 0.28784518241882323 0.07042439778645833 0.03138284683227539
0 0.5148088243272569 0.2363039016723633 0.07013956705729167 0.04456930160522461
0 0.5089202880859375 0.38634777069091797 0.08201463487413195 0.029881858825683595
0 0.858725823296441 0.1467699408531189 0.08390062120225694 0.030655217170715333
0 0.5817610846625434 0.24600577354431152 0.06854417588975695 0.045110464096069336
0 0.13642251756456164 0.1791013240814209 0.07563340928819444 0.03953146934509277
0 0.7545054965549045 0.22980976104736328 0.09500020345052083 0.03429999351501465
0 0.9709329393174914 0.4974782943725586 0.05813412136501736 0.03412322998046875
0 0.16386981540256076 0.2507297992706299 0.07419196234809028 0.03258533477783203
0 0.03446400960286458 0.789883041381836 0.06659664577907987 0.039211273193359375
0 0.9233918931749132 0.2995989084243774 0.10009358723958334 0.043114089965820314
0 0.19808260599772134 0.1901618719100952 0.05963228013780382 0.045778417587280275
0 0.8973805745442708 0.3590852737426758 0.053467475043402775 0.03836078643798828
0 0.03571908738878038 0.2396782875061035 0.0673110114203559 0.03377246856689453
0 0.8242175632052952 0.41919360160827634 0.05075717502170139 0.04593935012817383
0 0.8779796176486545 0.2169821798801422 0.07701466878255209 0.04075745344161987
0 0.8992977566189236 0.5204157829284668 0.05917188856336805 0.032034873962402344
0 0.40503548516167537 0.2620537757873535 0.07138010660807291 0.025370693206787108
0 0.5566484239366319 0.44628214836120605 0.08689337836371527 0.03232555389404297
0 0.785772705078125 0.7181790828704834 0.05789421929253472 0.047796630859375
0 0.18903045654296874 0.5903209686279297 0.0791563245985243 0.02736530303955078
0 0.3055152893066406 0.37291669845581055 0.0956997341579861 0.03939495086669922
0 0.3459074444240994 0.18854928016662598 0.0849707285563151 0.03741607666015625
0 0.5710422092013889 0.9360857009887695 0.09902174207899306 0.034249496459960935
0 0.22482410007052953 0.23543710708618165 0.07191569010416667 0.027964115142822266
0 0.7907101101345486 0.5908070564270019 0.0650210910373264 0.026816940307617186
0 0.07689492967393663 0.5795865058898926 0.0871700710720486 0.03134975433349609
0 0.9742721557617188 0.35427169799804686 0.0514556884765625 0.03486490249633789
0 0.9366931491427951 0.9025500297546387 0.09274122450086805 0.032392120361328124
0 0.7183597140842014 0.6770937442779541 0.07205946180555556 0.04036264419555664
0 0.12219145033094618 0.5211673736572265 0.08491278754340278 0.0309722900390625
0 0.24519721137152778 0.16769241094589232 0.07856224907769097 0.028213024139404297
0 0.2606201171875 0.6091731071472168 0.07550489637586806 0.031426429748535156
0 0.7072150336371528 0.13262295722961426 0.06344333224826389 0.04082608222961426
0 0.264274173312717 0.4991922378540039 0.0807313707139757 0.03130340576171875
0 0.8674007839626736 0.7535390853881836 0.06512518988715278 0.036070632934570315
0 0.8852895100911459 0.941531753540039 0.04539150661892361 0.03584098815917969
0 0.04153035481770833 0.44904003143310545 0.07185533311631945 0.029541397094726564
0 0.6456822713216146 0.8855587005615234 0.09070044623480902 0.03151893615722656
0 0.23852547539605035 0.8972402572631836 0.07486521402994792 0.03607444763183594
0 0.32663065592447915 0.22450852394104004 0.05335201687282986 0.038753604888916014
0 0.4732732137044271 0.47647666931152344 0.06692623562282986 0.03279590606689453
0 0.9155371771918402 0.6366348266601562 0.07818840874565972 0.03299274444580078
0 0.7667731391059027 0.10844917297363281 0.09363267686631944 0.0316312313079834
0 0.09600711398654514 0.6095616817474365 0.07544809977213542 0.025902652740478517
0 0.6989527384440104 0.48978233337402344 0.08133205837673611 0.028501319885253906
0 0.5971808539496528 0.1392209053039551 0.06134914822048611 0.040477657318115236
0 0.6355487399631077 0.09049543738365173 0.04680277506510417 0.03179851770401001
0 0.12379565768771701 0.7530322551727295 0.08941141764322917 0.030518150329589842
0 0.8175011528862848 0.554108715057373 0.0753082275390625 0.024045181274414063
0 0.891892835828993 0.25858776569366454 0.059159172905815974 0.030503225326538087
0 0.2687509324815538 0.39949474334716795 0.0758756849500868 0.023349571228027343
0 0.11744956970214844 0.8125729560852051 0.09329240587022569 0.030687713623046876
0 0.6170767890082465 0.512884521484375 0.07008836534288194 0.028161048889160156
0 0.16984062194824218 0.14771904945373535 0.07062674628363716 0.028716778755187987
0 0.3004566616482205 0.25645925998687746 0.07221781412760417 0.032207155227661134
0 0.9561243693033854 0.2733152389526367 0.07319268120659722 0.031238365173339843
0 0.8455922444661458 0.682619285583496 0.07388763427734375 0.02979736328125
0 0.038657421535915795 0.84456787109375 0.05224092271592882 0.04276008605957031
0 0.9325300428602431 0.8257817268371582 0.07147352430555555 0.024134063720703126
0 0.3338041517469618 0.5090353965759278 0.081976318359375 0.025725936889648436
0 0.6381551954481337 0.6615425109863281 0.07365637885199652 0.02991828918457031
0 0.8068234761555989 0.20778760313987732 0.07624240451388889 0.030248081684112547
0 0.9702145046657986 0.43777170181274416 0.059570990668402775 0.029853439331054686
0 0.22034615410698785 0.8048290252685547 0.05507693820529514 0.04712104797363281
0 0.4801790025499132 0.5491374969482422 0.08227776421440972 0.03165626525878906
0 0.46249135335286456 0.6518677711486817 0.09115837944878472 0.03307971954345703
0 0.8286278618706597 0.25718929767608645 0.08001793755425347 0.02669377326965332
0 0.8266212463378906 0.7587835311889648 0.03941650390625 0.037143898010253903
0 0.4943144904242622 0.8915667533874512 0.08870035807291667 0.027956771850585937
0 0.7026283264160156 0.5451471328735351 0.0737211439344618 0.026066112518310546
0 0.2386754353841146 0.2617002487182617 0.08686794704861112 0.03236570358276367
0 0.36403944227430557 0.4068727493286133 0.06579165988498265 0.05510902404785156
0 0.40004425048828124 0.4808298110961914 0.07903323703342013 0.028160667419433592
0 0.7112667507595486 0.9252293586730957 0.07321150037977431 0.03072700500488281
0 0.4335884941948785 0.5860989570617676 0.08506096733940972 0.032098007202148435
0 0.09234534369574653 0.8720903396606445 0.049654642740885414 0.03531837463378906
0 0.7944769965277778 0.7764181137084961 0.05587022569444444 0.04553546905517578
0 0.14605450100368925 0.9463592529296875 0.08849724663628472 0.03225212097167969
0 0.4107125176323785 0.5581099510192871 0.06850653754340277 0.025584983825683593
0 0.8575903998480903 0.8862677574157715 0.07738511827256944 0.020235443115234376
0 0.2059293958875868 0.12851901054382325 0.04874013264973958 0.04947428703308106
0 0.8072465684678819 0.13413708209991454 0.06425882975260416 0.024637341499328613
0 0.791928948296441 0.6630370140075683 0.06815355088975694 0.03303394317626953
0 0.9699513753255208 0.46579914093017577 0.06009724934895833 0.02868366241455078
0 0.3803407457139757 0.6133103370666504 0.0854921129014757 0.036234283447265626
0 0.3592864990234375 0.7998307228088379 0.08822716606987847 0.037254714965820314
0 0.7696656968858507 0.18927216529846191 0.06124538845486111 0.02114577293395996
0 0.1579332987467448 0.6850374221801758 0.06590576171875 0.02730693817138672
0 0.4881846110026042 0.7280093193054199 0.056845601399739584 0.030514907836914063
0 0.862762451171875 0.8609548568725586 0.07833319769965277 0.022710800170898438
0 0.12030614217122396 0.8480719566345215 0.07221001519097223 0.027117538452148437
0 0.2812962849934896 0.1899345874786377 0.057849544949001734 0.027372264862060548
0 0.8913450453016493 0.666872501373291 0.069500732421875 0.027802467346191406
0 0.644639417860243 0.8345876693725586 0.08364749484592014 0.026603889465332032
0 0.9332021077473959 0.7962267875671387 0.05570220947265625 0.037920379638671876
0 0.9843610127766927 0.2988250255584717 0.031277974446614586 0.026433277130126952
0 0.6270250108506944 0.7510175704956055 0.09894205729166666 0.037001609802246094
0 0.8687844170464409 0.7778118133544922 0.06158243815104167 0.01850605010986328
0 0.9818344963921442 0.8417876243591309 0.03633100721571181 0.034754180908203126
0 0.7093702528211806 0.21128296852111816 0.05087856716579861 0.03168129920959473
0 0.5227489895290799 0.8692972183227539 0.09416978624131944 0.03267097473144531
0 0.8477013481987847 0.5785242080688476 0.08459269205729167 0.029869842529296874
0 0.5145464579264323 0.6368631362915039 0.07501220703125 0.027559661865234376
0 0.24501868353949652 0.7379176139831543 0.08294542100694445 0.029167938232421874
0 0.7859332614474827 0.9350442886352539 0.07505391438802084 0.0293975830078125
0 0.6015341016981337 0.6350801467895508 0.08145226372612847 0.030609703063964842
0 0.40676583184136283 0.9194099426269531 0.07464345296223958 0.03667945861816406
0 0.3282162356278533 0.8933992350542986 0.05560942598821704 0.04074782618769888
0 0.824343024359809 0.14075934886932373 0.10146145290798611 0.029833173751831053
0 0.4961786905924479 0.702384614944458 0.057686699761284724 0.024146270751953126
0 0.6975931803385417 0.7304186820983887 0.0627809312608507 0.02367057800292969
0 0.2613168724279835 0.9282407407407407 0.09465020576131683 0.026620370370370357
0 0.7139917695473252 0.7094907407407407 0.05349794238683111 0.038194444444444406
0 0.49382716049382697 0.6799768518518519 0.08641975308641968 0.03703703703703702
0 0.5555555555555555 0.6666666666666666 0.06584362139917693 0.04050925925925917
0 0.3106995884773661 0.6469907407407407 0.07407407407407407 0.040509259259259287
0 0.3837448559670781 0.6458333333333334 0.07613168724279831 0.04050925925925917
