0 0.9456775241427952 0.19618213176727295 0.05194430881076389 0.048114681243896486
0 0.7359327528211805 0.402998685836792 0.07298448350694445 0.05788965225219726
0 0.7283170912000868 0.14761018753051758 0.101678466796875 0.03513803482055664
0 0.2399076673719618 0.9254217147827148 0.07200266520182291 0.0604095458984375
0 0.5140586005316841 0.5861042976379395 0.0692840576171875 0.04253520965576172
0 0.8846566094292535 0.43614788055419923 0.06437954372829861 0.04851608276367188
0 0.8489028930664062 0.46781063079833984 0.0584318372938368 0.056140899658203125
0 0.3873419019911024 0.049275916814804074 0.0973849826388889 0.05434719324111938
0 0.8923251681857639 0.1884034276008606 0.05641547309027778 0.04720237255096436
0 0.7889602661132813 0.4572650909423828 0.06963975694444445 0.04672870635986328
0 0.047255918714735244 0.040929219126701354 0.09080174763997396 0.04650023579597473
0 0.14318322075737847 0.4691603660583496 0.11625866360134549 0.038351821899414065
0 0.672440931532118 0.2031299352645874 0.056906806098090276 0.04734344482421875
0 0.37467532687717015 0.8135931968688965 0.10760294596354167 0.04243621826171875
0 0.8334868537055121 0.17110620737075805 0.07644297281901041 0.04607880115509033
0 0.7652711656358507 0.8938045501708984 0.08318277994791666 0.0375946044921875
0 0.72730958726671 0.6520915031433105 0.11778971354166666 0.042200469970703126
0 0.9276914808485243 0.9103536605834961 0.07214558919270833 0.05743427276611328
0 0.6957263522677951 0.45307021141052245 0.113385009765625 0.0535130500793457
0 0.5053259955512153 0.15990931987762452 0.07989908854166666 0.06148686408996582
0 0.7141976250542534 0.7716322422027588 0.09540269639756944 0.03183965682983399
0 0.20951063368055556 0.9660982131958008 0.09588979085286459 0.040399932861328126
0 0.030249108208550347 0.21138662695884705 0.05899420844184028 0.041943562030792234
0 0.9576327853732639 0.15450581312179565 0.04213324652777778 0.035062623023986814
0 0.465718756781684 0.32209019660949706 0.08029140896267362 0.04509215354919434
0 0.5358696831597223 0.7139916896820069 0.09853685167100694 0.039327049255371095
0 0.7169031778971354 0.5871781826019287 0.07065327962239583 0.05172300338745117
0 0.3173424614800347 0.9710523605346679 0.0989803738064236 0.04100341796875
0 0.5342809041341146 0.6233170509338379 0.08052164713541667 0.041740798950195314
0 0.2976580725775825 0.3993577480316162 0.11819873385959201 0.043506717681884764
0 0.5515139261881511 0.8231469869613648 0.08195393880208333 0.049010515213012695
0 0.8231196085611979 0.830101490020752 0.07076958550347222 0.06350936889648437
0 0.41032257080078127 0.5693042755126954 0.07606048583984375 0.04351787567138672
0 0.4225824991861979 0.28737597465515136 0.10189208984375 0.04170970916748047
0 0.6226395501030816 0.6930654525756836 0.10460595024956597 0.037175750732421874
0 0.9806215074327257 0.13474830389022827 0.03576117621527778 0.038896918296813965
0 0.5150829739040799 0.3560030937194824 0.07470024956597222 0.04442739486694336
0 0.9830526563856337 0.17970798015594483 0.03268992106119792 0.04826974868774414
