0 0.7306155734592014 0.6625711441040039 0.09631585015190972 0.08324260711669922
0 0.060965474446614584 0.2419642686843872 0.11682586669921875 0.0578770637512207
0 0.20274276733398439 0.6568736076354981 0.18936326768663195 0.08032436370849609
0 0.5266878763834636 0.412673282623291 0.1134428236219618 0.07557048797607421
0 0.5190634833441841 0.9407569885253906 0.11698048909505208 0.06021900177001953
0 0.5617136637369792 0.32560410499572756 0.10815395779079862 0.08888387680053711
0 0.6302408854166667 0.9391487121582032 0.08827785915798611 0.10799026489257812
0 0.8002187940809462 0.3234864234924316 0.08950975206163195 0.04302787780761719
0 0.7004003736707899 0.3453548431396484 0.10574459499782986 0.09128861427307129
0 0.7708307902018229 0.37858288288116454 0.12083197699652778 0.06902270317077637
0 0.43531595865885414 0.5044690132141113 0.12069159613715277 0.06495199203491211
0 0.6626395331488715 0.2802265167236328 0.14637654622395832 0.0590458869934082
0 0.07753274705674913 0.7122237205505371 0.14951002332899305 0.061988449096679686
0 0.12330593532986112 0.30628061294555664 0.13682776557074652 0.06545095443725586
0 0.435943603515625 0.2722892761230469 0.08853861490885416 0.07668342590332031
0 0.23296907212999132 0.8890342712402344 0.11135203043619792 0.08446693420410156
0 0.625138685438368 0.6491208076477051 0.13295389811197916 0.1010549545288086
0 0.8367078993055556 0.654227352142334 0.11869167751736111 0.053470420837402347
0 0.40945875379774305 0.20576420426368713 0.10109456380208333 0.07762287855148316
0 0.14801775614420573 0.37252111434936525 0.09204508463541666 0.08247356414794922
0 0.4700955708821615 0.324641489982605 0.09026997884114583 0.06995100975036621
0 0.9480204264322917 0.5921060562133789 0.10395914713541667 0.04345703125
0 0.059672376844618055 0.190857458114624 0.11348063151041667 0.050970602035522464
0 0.804698011610243 0.7035852432250976 0.1275414360894097 0.04895801544189453
0 0.5459932115342881 0.14185528457164764 0.118902587890625 0.09164953827857972
0 0.7958097669813368 0.6234779357910156 0.1171174791124132 0.059346580505371095
0 0.5535620795355902 0.4942136287689209 0.12196248372395833 0.09699583053588867
0 0.16504927741156683 0.2433952808380127 0.10697953965928819 0.07634944915771484
0 0.30008282131618924 0.3010418891906738 0.11479339599609376 0.045281982421875
0 0.76142823961046 0.9071643829345704 0.12382405598958333 0.058859634399414065
0 0.8548687405056423 0.09988688230514527 0.12458140055338542 0.04643127918243408
0 0.9548010932074653 0.6395254135131836 0.09039781358506944 0.05060882568359375
0 0.7244113498263889 0.5481459617614746 0.08765903049045139 0.05159072875976563
0 0.7689612494574652 0.27636256217956545 0.10926445855034722 0.04960508346557617
0 0.8575647989908854 0.8729304313659668 0.0988956027560764 0.049790573120117185
0 0.9755878024631076 0.867608642578125 0.04409942626953125 0.04650611877441406
