0 0.07690972222222223 0.8322883605957031 0.09837459988064236 0.05375099182128906
0 0.1917149861653646 0.6818045139312744 0.1183502197265625 0.043195247650146484
0 0.234967041015625 0.17245328426361084 0.07938741048177084 0.05807032585144043
0 0.8394999186197917 0.08622061610221862 0.09523332383897569 0.06536060571670532
0 0.3723515828450521 0.9078468322753906 0.06007724338107639 0.052009963989257814
0 0.8149268256293403 0.9461603164672852 0.11034766303168403 0.05804100036621094
0 0.22175636291503906 0.6119602203369141 0.07299914889865451 0.06300086975097656
0 0.71063232421875 0.40474194288253784 0.08283047146267361 0.07161715030670165
0 0.45104878743489585 0.41764078140258787 0.11993950737847223 0.040200424194335935
0 0.8542261759440104 0.13255531787872316 0.11703694661458333 0.050101518630981445
0 0.4861346774631076 0.23161530494689941 0.06796705457899306 0.04552617073059082
0 0.8388841417100694 0.3537240982055664 0.08975118001302083 0.04286909103393555
0 0.7585210164388021 0.569449520111084 0.06481967502170138 0.057762527465820314
0 0.8920976426866319 0.7587225914001465 0.0718782212999132 0.037518882751464845
0 0.565226576063368 0.23461337089538575 0.08671332465277778 0.06848354339599609
0 0.2856130811903212 0.04198422133922577 0.0658371819390191 0.0541931688785553
0 0.904632568359375 0.8962324142456055 0.09202440049913195 0.044149017333984374
0 0.14616470336914061 0.3747168302536011 0.07549268934461806 0.05169034004211426
0 0.9196902804904514 0.48932771682739257 0.09461229112413194 0.03538389205932617
0 0.5196031358506944 0.6147579193115235 0.08945719401041667 0.06984119415283203
0 0.4014768812391493 0.6816516876220703 0.09976976182725694 0.03988580703735352
0 0.5898104349772135 0.8433109283447265 0.05375722249348958 0.052337646484375
0 0.8655183580186632 0.7966656684875488 0.05902811686197917 0.045421409606933597
0 0.3249373541937934 0.28301050662994387 0.06830274793836806 0.04599838256835938
0 0.03969692654079861 0.4793464183807373 0.07819586859809027 0.035988903045654295
0 0.9100046793619792 0.34006810188293457 0.06949462890625 0.05649757385253906
0 0.2060501946343316 0.3535862922668457 0.06326565212673611 0.054066944122314456
0 0.6292185465494792 0.04606702402234077 0.09193962944878473 0.04522152990102768
0 0.30063722398546006 0.9295969009399414 0.08181271023220486 0.05187835693359375
0 0.6698779635959201 0.6824554443359375 0.09563835991753472 0.04926586151123047
0 0.7347733391655816 0.7885437488555909 0.06272532145182291 0.05090875625610351
0 0.3704087999131944 0.24316320419311524 0.08850131564670138 0.03870973587036133
0 0.8673690795898438 0.22793951034545898 0.08762105305989583 0.04676389694213867
0 0.3809037102593316 0.7683281898498535 0.07612219916449653 0.033980941772460936
0 0.5478230794270833 0.18416444063186646 0.08506944444444445 0.03886253833770752
0 0.4625083923339844 0.8314422607421875 0.06828036838107639 0.05496234893798828
0 0.2148028055826823 0.8063725471496582 0.06869964599609375 0.054964447021484376
0 0.5317318386501736 0.37113687992095945 0.110833740234375 0.04418931007385254
0 0.9563912285698785 0.8294172286987305 0.08584526909722222 0.032772064208984375
0 0.9363905164930556 0.5964059829711914 0.085626220703125 0.04576034545898437
0 0.9088904486762153 0.1812639832496643 0.0864376491970486 0.06788771152496338
0 0.7854955037434895 0.8043125152587891 0.061925252278645836 0.04899311065673828
0 0.5867077297634549 0.08199851512908936 0.1094479031032986 0.037271761894226076
0 0.6790776570638021 0.7446135520935059 0.09494730631510416 0.03185882568359375
0 0.1625960456000434 0.018781810998916626 0.06374588012695312 0.03756362199783325
0 0.9465766906738281 0.3820038795471191 0.0964779324001736 0.03913307189941406
0 0.7638451470269098 0.4398468017578125 0.07254672580295139 0.047130489349365236
0 0.1757953643798828 0.1962841510772705 0.0726991441514757 0.042922353744506835
0 0.6487021552191841 0.8212673187255859 0.08345303005642361 0.035159873962402347
0 0.06170340643988715 0.5127280235290528 0.05966033935546875 0.059636497497558595
0 0.3569908989800347 0.9455480575561523 0.059838189019097224 0.04223480224609375
0 0.7760274251302083 0.3446635723114014 0.06538594563802083 0.05849943161010742
0 0.577362060546875 0.3267613649368286 0.06860487196180555 0.03576507568359375
0 0.32636489868164065 0.7485843658447265 0.07950354682074653 0.03416862487792969
0 0.21875398423936632 0.4362452507019043 0.08153533935546875 0.03752708435058594
0 0.9640349494086371 0.7299619674682617 0.07193010118272569 0.047260284423828125
0 0.41390118069118925 0.3512767791748047 0.09205746120876736 0.03834972381591797
0 0.923689693874783 0.8582614898681641 0.11315680609809028 0.03621749877929688
0 0.9510813395182292 0.31311602592468263 0.08486531575520834 0.03676595687866211
0 0.5771644592285157 0.9525669097900391 0.1123140123155382 0.040090179443359374
0 0.6546827528211806 0.17425334453582764 0.08619622124565972 0.06777443885803222
0 0.546911112467448 0.47084989547729494 0.081787109375 0.033089637756347656
0 0.42513563368055557 0.3143151760101318 0.0607330322265625 0.03972806930541992
0 0.5164007398817274 0.6990884304046631 0.08088734944661459 0.02965679168701172
0 0.9797316657172309 0.5172473907470703 0.0405366685655382 0.03230409622192383
0 0.5296339246961805 0.2974385261535645 0.06178080240885417 0.054551315307617185
0 0.721687740749783 0.18612710237503052 0.06625111897786458 0.06485998630523682
0 0.44356070624457467 0.7074665546417236 0.08850758870442708 0.036979293823242186
0 0.7549558851453994 0.2923696756362915 0.07871314154730903 0.04809565544128418
0 0.39858279758029513 0.2795266151428223 0.08288336859809028 0.04116382598876953
0 0.9405831231011285 0.7838834285736084 0.08452589246961806 0.028392314910888672
0 0.5807104322645399 0.7713531494140625 0.054408433702256946 0.05249233245849609
0 0.2529056125217014 0.7332705974578857 0.0698014153374566 0.038603019714355466
0 0.7707348293728299 0.6129858493804932 0.06619873046875 0.054445838928222655
0 0.523681640625 0.5261539459228516 0.0828277587890625 0.03026752471923828
0 0.5497934977213542 0.9089772224426269 0.0632598876953125 0.04173583984375
0 0.9825531429714627 0.807797622680664 0.03489371405707465 0.04204139709472656
0 0.7875949435763889 0.39894118309021 0.0733579847547743 0.04613761901855469
0 0.3856204562717014 0.46545257568359377 0.09619174533420138 0.04477767944335938
0 0.4792383829752604 0.2755120754241943 0.09727715386284722 0.04159078598022461
0 0.6571470472547744 0.35467965602874757 0.08838297526041666 0.04719443321228027
0 0.38229700724283855 0.61806640625 0.06187320285373264 0.042935943603515624
0 0.722020975748698 0.6425357818603515 0.07830268012152777 0.0350738525390625
0 0.6758296542697483 0.11637933254241943 0.12391526963975695 0.0418264627456665
0 0.5497994316948784 0.11561050415039062 0.06419508192274305 0.038329577445983885
0 0.2855594211154514 0.6937350749969482 0.08323211669921875 0.03927431106567383
0 0.5598508199055989 0.882083511352539 0.07045101589626736 0.030534744262695312
0 0.2810074700249566 0.773126220703125 0.08549448649088541 0.03291873931884766
0 0.9693388197157118 0.9498765945434571 0.06132236056857639 0.027810287475585938
0 0.8269295774860144 0.26409568786621096 0.08402065700954861 0.03395156860351563
0 0.9792701721191406 0.757764196395874 0.04145965576171875 0.025686168670654298
0 0.55546875 0.6695404052734375 0.06811625162760417 0.03834247589111328
0 0.5973470052083333 0.7352309226989746 0.06902262369791666 0.047235298156738284
0 0.9126680162217882 0.7258646965026856 0.06483357747395833 0.028020477294921874
0 0.8588729858398437 0.8321460723876953 0.09026726616753472 0.034174346923828126
0 0.38508458392610273 0.8447477870517306 0.08704159583574488 0.03619887034098295
0 0.5625625610351562 0.2870174884796143 0.06038462320963542 0.04450550079345703
0 0.1980438232421875 0.3945295333862305 0.061865234375 0.028162765502929687
0 0.4537037037037036 0.8587962962962962 0.07201646090534963 0.026620370370370357
0 0.6687242798353908 0.6348379629629629 0.06584362139917693 0.05092592592592583
0 0.5915637860082303 0.6921296296296295 0.05144032921810688 0.04282407407407417
