0 0.06098717583550347 0.8612678527832032 0.09564276801215278 0.053775787353515625
0 0.6321461147732205 0.7115796089172364 0.09967108832465278 0.05076942443847656
0 0.7254959954155816 0.9378368377685546 0.09046257866753472 0.043715286254882815
0 0.7647528754340278 0.35281953811645506 0.12193874782986111 0.0422968864440918
0 0.7639555189344618 0.7406809329986572 0.10637376573350694 0.04656791687011719
0 0.6726333618164062 0.06658995151519775 0.1337348090277778 0.04755642414093018
0 0.7663592868381076 0.20644872188568114 0.09398057725694445 0.03960041999816895
0 0.19704526265462238 0.20925135612487794 0.11905585394965278 0.04602241516113281
0 0.9345550537109375 0.8835323333740235 0.0910919189453125 0.041396713256835936
0 0.6179590013292101 0.9365629196166992 0.1201751708984375 0.04440803527832031
0 0.7226621839735243 0.03856511041522026 0.11688062879774305 0.0365434780716896
0 0.7681443956163194 0.4466238021850586 0.07846103244357638 0.047809791564941403
0 0.39422675238715277 0.18040244579315184 0.1007232666015625 0.038446664810180664
0 0.6982170104980469 0.5837207794189453 0.11227908664279514 0.03535442352294922
0 0.5412237379286025 0.1832544445991516 0.11997918023003472 0.04440414905548096
0 0.7100980122884114 0.21933019161224365 0.10747578938802084 0.03541054725646973
0 0.9691491021050347 0.821501350402832 0.059508260091145834 0.035923194885253903
0 0.03331023322211372 0.6057260513305665 0.06348478529188369 0.052978515625
0 0.1737085978190104 0.2797821521759033 0.16002095540364583 0.052353286743164064
0 0.3612135993109809 0.7122289180755615 0.10127071804470486 0.04760141372680664
0 0.846382819281684 0.046649116277694705 0.10502980550130209 0.04234433174133301
0 0.45433468288845485 0.264311695098877 0.11676974826388889 0.043484973907470706
0 0.6220879448784722 0.011621569097042084 0.13098178439670138 0.02324313819408417
0 0.2841378953721788 0.5848347663879394 0.13379296196831597 0.057234764099121094
0 0.8031814575195313 0.0731388807296753 0.10137769911024305 0.03349733352661133
0 0.22404242621527778 0.6733519554138183 0.08768174913194444 0.03283271789550781
0 0.8997222900390625 0.8066216468811035 0.07928212483723958 0.032219886779785156
0 0.02635676066080729 0.7105920314788818 0.05050769382052951 0.048215198516845706
0 0.26754790412055124 0.44249472618103025 0.11482043796115451 0.04163436889648438
0 0.7227851867675781 0.823515796661377 0.09550374348958333 0.04215660095214844
0 0.43920135498046875 0.3240425825119019 0.10337083604600694 0.04668679237365723
0 0.7135654873318142 0.25425353050231936 0.09127197265625 0.033777046203613284
0 0.4725377400716146 0.06006941944360733 0.10453321668836806 0.035727307200431824
0 0.261002688937717 0.0893328070640564 0.06280144585503472 0.04122340679168701
0 0.9576589796278212 0.7944851875305176 0.07788035074869791 0.025776481628417967
0 0.6414800008138021 0.24029741287231446 0.08654140896267361 0.03689718246459961
0 0.43976516723632814 0.5420247077941894 0.10075107150607639 0.041801834106445314
0 0.37286995781792537 0.5674104690551758 0.05506778293185764 0.04877128601074219
0 0.14136505126953125 0.24701409339904784 0.09452853732638888 0.02689208984375
0 0.7712159898546007 0.8975754737854004 0.1296207004123264 0.044792556762695314
0 0.023972574869791666 0.4051673889160156 0.04446953667534722 0.031175518035888673
0 0.21196356879340278 0.50003662109375 0.10506930881076389 0.032201957702636716
0 0.9000810411241319 0.018497753143310546 0.14055277506510416 0.03639206886291504
0 0.9561964812102142 0.8592006224173085 0.0893476949307167 0.037385792202419665
