0 0.07604522705078125 0.5955769062042237 0.11892784966362847 0.05150184631347656
0 0.18720262315538194 0.4078667640686035 0.12361026340060764 0.04648456573486328
0 0.1385351816813151 0.21638750433921813 0.11735042995876736 0.04617530107498169
0 0.5289990743001302 0.9682710647583008 0.10406561957465278 0.03437728881835937
0 0.1489374796549479 0.13112027645111085 0.09696553548177084 0.07359035015106201
0 0.09307543436686198 0.06044484227895737 0.11274982028537327 0.04537329971790314
0 0.04818744659423828 0.10448386371135712 0.09637489318847656 0.08636050820350646
0 0.306321292453342 0.6263833999633789 0.08651241726345486 0.052266502380371095
0 0.3172093285454644 0.6831168174743653 0.12486360337999132 0.04802885055541992
0 0.8950124952528212 0.704660701751709 0.077545166015625 0.04443206787109375
0 0.823760986328125 0.47328577041625974 0.08246086968315972 0.039334678649902345
0 0.8705164591471354 0.5657337188720704 0.09745110405815972 0.03886737823486328
0 0.0990690443250868 0.021586209535598755 0.09436552259657117 0.04309617280960083
0 0.7834259033203125 0.5469050407409668 0.07349972195095486 0.027472496032714844
0 0.5490737915039062 0.6336404800415039 0.13377414279513888 0.04043712615966797
0 0.6202623155381944 0.2908646106719971 0.08707038031684028 0.04316549301147461
0 0.8630471123589409 0.9627613067626953 0.10731438530815972 0.043494796752929686
0 0.6953536139594184 0.9093657493591308 0.06554531521267361 0.033496665954589847
0 0.367883555094401 0.08653066158294678 0.10363599989149305 0.05053377151489258
0 0.8359727647569445 0.7981564044952393 0.06055467393663194 0.042829036712646484
0 0.621258036295573 0.8651514053344727 0.0849728054470486 0.034738922119140626
0 0.21910976833767362 0.2426522493362427 0.08116251627604167 0.05734720230102539
0 0.22961146036783855 0.015469758212566376 0.1121702406141493 0.030939516425132752
0 0.5816296047634548 0.4182687759399414 0.10154198540581597 0.04742574691772461
0 0.6229840596516927 0.9627423286437988 0.08951161702473959 0.04293365478515625
0 0.5576979743109809 0.12067484855651855 0.08081478542751735 0.03684806823730469
0 0.3544149610731337 0.029129153490066527 0.0904664781358507 0.057894575595855716
0 0.16373956468370227 0.8008930206298828 0.1013352288140191 0.03910255432128906
0 0.8226927015516493 0.6977097511291503 0.06491156684027778 0.03375930786132812
0 0.4806884765625 0.42287392616271974 0.07320183648003473 0.05729379653930664
0 0.43367351955837674 0.9631109237670898 0.09935201009114583 0.044013595581054686
0 0.8756312052408854 0.8913272857666016 0.09931877983940972 0.03933792114257813
0 0.7031872219509548 0.8770334243774414 0.08517727322048611 0.03644142150878906
0 0.7062267727322049 0.9752405166625977 0.06940392388237847 0.04749603271484375
0 0.2580402374267578 0.4339611530303955 0.1051834954155816 0.047374725341796875
0 0.3010414123535156 0.05256791710853577 0.10972035725911458 0.05092579126358032
0 0.5403572082519531 0.042516667395830154 0.08806304931640625 0.0357247456908226
0 0.6524951510959202 0.3341359615325928 0.06495547824435764 0.047032928466796874
0 0.6939325968424479 0.2658029556274414 0.08374294704861111 0.04339332580566406
0 0.6420598347981771 0.4714504241943359 0.07370181613498264 0.03970947265625
0 0.6564498901367187 0.041200295090675354 0.0666232638888889 0.05677692294120788
0 0.7778349982367622 0.9840631484985352 0.07914004855685763 0.03182220458984375
0 0.033140140109592015 0.3574352264404297 0.06331286960177951 0.0392333984375
0 0.5341034783257379 0.45412483215332033 0.09176313612196181 0.03506813049316406
0 0.061620669894748265 0.5233553409576416 0.09206356472439237 0.03582057952880859
0 0.9776129828559028 0.6813851833343506 0.04412468804253472 0.05244770050048828
0 0.26919882032606335 0.14131417274475097 0.0965710957845052 0.037851142883300784
0 0.7250774807400173 0.3466658115386963 0.09122161865234375 0.0405583381652832
0 0.24367404513888888 0.17426738739013672 0.10928548177083333 0.04150824546813965
0 0.7925338745117188 0.3647918701171875 0.09155985514322916 0.030320072174072267
0 0.5125774807400174 0.3249967098236084 0.042488776312934025 0.03431625366210937
0 0.4490970187717014 0.598346757888794 0.08525899251302084 0.032315540313720706
0 0.5464578416612413 0.010504515469074249 0.10098826090494792 0.021009030938148498
0 0.06140501234266493 0.8302799224853515 0.07957653469509549 0.03411159515380859
0 0.5685882568359375 0.987192440032959 0.07594231499565972 0.025615119934082033
0 0.40996517605251737 0.4754857063293457 0.0670717027452257 0.027211761474609374
0 0.3026636759440104 0.014329516887664795 0.06262359619140626 0.028595221042633057
0 0.6882122463650173 0.4886473178863525 0.07254062228732638 0.04426078796386719
0 0.21081466674804689 0.052748823165893556 0.0941131591796875 0.046444380283355714
0 0.6012544420030382 0.5570489883422851 0.08227691650390626 0.05168209075927734
0 0.786887444390191 0.8626631736755371 0.08162740071614584 0.03679943084716797
0 0.4791295369466146 0.9912657737731934 0.10269198947482638 0.01746845245361328
0 0.15022922092013888 0.6074651718139649 0.06610378689236111 0.0385406494140625
0 0.560069105360243 0.5849842071533203 0.0873136732313368 0.05475120544433594
0 0.8274194505479601 0.5063446044921875 0.07111053466796875 0.033981704711914064
0 0.4465961032443576 0.7774983882904053 0.038625081380208336 0.03658103942871094
0 0.3380710177951389 0.4312296867370605 0.0505218505859375 0.028925514221191405
0 0.4937226189507378 0.3947720766067505 0.06331227620442709 0.020932817459106447
0 0.6337448559670781 0.921875 0.07407407407407407 0.03472222222222226
0 0.49279835390946486 0.5758101851851852 0.08024691358024698 0.05787037037037036
