0 0.11998252868652344 0.23227710723876954 0.08811526828342015 0.04050211906433106
0 0.11467039320203994 0.32743182182312014 0.09414443969726563 0.03967552185058594
0 0.2592492845323351 0.6420212745666504 0.08619045681423611 0.035134506225585935
0 0.12404395209418403 0.7544034957885742 0.10253261990017361 0.039092636108398436
0 0.886257086859809 0.29286324977874756 0.08656243218315972 0.03539605140686035
0 0.28048231336805557 0.3621152400970459 0.053647359212239586 0.05605249404907227
0 0.8318250020345052 0.4448063850402832 0.09283040364583334 0.034322929382324216
0 0.8956351386176216 0.6164433479309082 0.057244873046875 0.03644723892211914
0 0.4996541341145833 0.26716768741607666 0.068035888671875 0.03281068801879883
0 0.5044782002766927 0.5497371196746826 0.07529398600260416 0.056085968017578126
0 0.33923009236653645 0.4655613899230957 0.07980109320746528 0.0450016975402832
0 0.24752875434027777 0.45211362838745117 0.09200931125217014 0.03304109573364258
0 0.13380008273654515 0.2792036056518555 0.08187849256727431 0.043616867065429686
0 0.9592879401312934 0.48707895278930663 0.08103959825303819 0.047365760803222655
0 0.5653266906738281 0.32107093334198 0.08670739067925347 0.04218401908874512
0 0.759678226047092 0.8015007257461548 0.06560719807942708 0.04015116691589356
0 0.8960212707519531 0.47003698348999023 0.08004794650607638 0.03335552215576172
0 0.6655324300130209 0.32369017601013184 0.0652952406141493 0.04091701507568359
0 0.19503495958116318 0.374210262298584 0.07785602145724826 0.027001476287841795
0 0.04498833550347222 0.45752487182617185 0.08858896891276041 0.03711204528808594
0 0.6641150580512153 0.5348851203918457 0.06916232638888889 0.04470386505126953
0 0.37907960679796004 0.5371650695800781 0.06744876437717014 0.041327285766601565
0 0.4013926188151042 0.6708110332489013 0.07708299424913194 0.02989969253540039
0 0.18242696126302083 0.43233776092529297 0.05181138780381944 0.048325634002685545
0 0.15220404730902778 0.3961633205413818 0.06439615885416666 0.039530277252197266
0 0.4318534851074219 0.5572951316833497 0.05025821261935764 0.04166336059570312
0 0.7861563788519965 0.5418003082275391 0.10055050320095486 0.0360137939453125
0 0.322071287367079 0.20980443954467773 0.07233081393771701 0.028639936447143556
0 0.2338627709282769 0.4041747093200684 0.07263615926106771 0.045460987091064456
0 0.7600838555230035 0.3752985715866089 0.08634134928385416 0.03636841773986817
0 0.8414008246527778 0.6264349937438964 0.05787929958767361 0.04733219146728516
0 0.5497714572482639 0.48543663024902345 0.08952992757161458 0.040166473388671874
0 0.4589653862847222 0.23759932518005372 0.06505194769965278 0.030350494384765624
0 0.20070987277560765 0.27164320945739745 0.06952853732638889 0.025774097442626952
0 0.7186600579155816 0.3044139862060547 0.0910920884874132 0.035738801956176756
0 0.27717725965711804 0.23908257484436035 0.08489193386501737 0.034647369384765626
0 0.5931884765625 0.6258989334106445 0.08629998101128472 0.03406515121459961
0 0.8378885904947917 0.581280517578125 0.10562676323784723 0.038419151306152345
0 0.4394315931532118 0.3182240009307861 0.08583238389756945 0.03741035461425781
0 0.8399936252170139 0.5024242401123047 0.08682115342881945 0.03432750701904297
0 0.4937512715657552 0.2976729393005371 0.07796139187282985 0.030463504791259765
0 0.4964820014105903 0.4545604705810547 0.0931427001953125 0.03372669219970703
0 0.06673478020562065 0.3737617015838623 0.0859450446234809 0.03096942901611328
0 0.34959911770290797 0.3675184726715088 0.10010969373914931 0.04718770980834961
0 0.4034570482042101 0.7112104415893554 0.07038235134548611 0.028256702423095702
0 0.9782309214274089 0.4277636528015137 0.04353815714518229 0.05384273529052734
0 0.302270762125651 0.512722110748291 0.08796573215060764 0.033682060241699216
0 0.5103295220269097 0.33376977443695066 0.06144544813368055 0.03703374862670898
0 0.9712760501437717 0.6146655082702637 0.0574478997124566 0.036167144775390625
0 0.31387125651041664 0.568798303604126 0.09599575466579861 0.036157989501953126
0 0.5937301635742187 0.44759445190429686 0.07711520724826389 0.05150337219238281
0 0.21205630832248265 0.4737729072570801 0.08492923312717014 0.03553314208984375
0 0.5943939208984375 0.5374284267425538 0.07876688639322917 0.03181161880493164
0 0.891027323404948 0.36770341396331785 0.08316616482204861 0.031437110900878903
0 0.22847841050889756 0.35115776062011717 0.05611182318793403 0.03529939651489258
0 0.030046463012695312 0.49730405807495115 0.0526063707139757 0.043056583404541014
0 0.0846315171983507 0.5759334564208984 0.05534379747178819 0.035375213623046874
0 0.16272362603081597 0.5792226791381836 0.09001854790581597 0.030346488952636717
0 0.47945726182725695 0.5852819442749023 0.05776774088541667 0.04673824310302734
0 0.8784886678059896 0.25813140869140627 0.05200907389322917 0.040117740631103516
0 0.19730088975694443 0.5063571929931641 0.08299289279513888 0.029367637634277344
0 0.0869636959499783 0.4874110221862793 0.08185340033637153 0.0360748291015625
0 0.18818359375 0.535252571105957 0.0836515638563368 0.030052375793457032
0 0.12656533983018664 0.4319004535675049 0.06827799479166667 0.029667377471923828
0 0.28179058498806425 0.6720993041992187 0.05777011447482639 0.032541084289550784
0 0.3957394070095486 0.28221282958984373 0.07284020317925347 0.03352642059326172
0 0.3783452351888021 0.20239040851593018 0.05472344292534722 0.0417264461517334
0 0.14348042805989583 0.35961992740631105 0.07127549913194445 0.042052936553955075
0 0.2947811550564236 0.4258622169494629 0.053924560546875 0.036492443084716795
0 0.45906075371636285 0.4007267475128174 0.08556654188368056 0.03544540405273437
0 0.6320848253038195 0.6551669120788575 0.05600009494357639 0.04357585906982422
0 0.5493350558810763 0.28659543991088865 0.06009521484375 0.02415008544921875
0 0.4727490743001302 0.4287687301635742 0.08759002685546875 0.026778221130371094
0 0.253473154703776 0.29716053009033205 0.051938035753038195 0.036412715911865234
0 0.5651087443033854 0.35354156494140626 0.0775909423828125 0.02719736099243164
0 0.36282806396484374 0.24881484508514404 0.09997304280598958 0.037119817733764646
0 0.4146402147081163 0.45382347106933596 0.0943637424045139 0.03013153076171875
0 0.023588731553819443 0.336427116394043 0.046250406901041666 0.023487377166748046
0 0.06634250217013889 0.2586520195007324 0.04915127224392361 0.045810699462890625
0 0.5489305284288194 0.5785064697265625 0.07301601833767361 0.03594369888305664
0 0.12469516330295138 0.45848703384399414 0.08490829467773438 0.027494430541992188
0 0.5901585049099393 0.2732404708862305 0.09310336642795139 0.03001828193664551
0 0.05961235894097222 0.6041343688964844 0.05394727918836806 0.030322265625
0 0.05419438680013021 0.5499272346496582 0.06492233276367188 0.025177383422851564
0 0.5050413343641493 0.6588858604431153 0.07807074652777778 0.026647377014160156
0 0.015549468994140624 0.3616336822509766 0.03049079047309028 0.03411068916320801
0 0.3705191718207465 0.31171603202819825 0.09134080674913195 0.030066299438476562
0 0.8718137953016493 0.5508880615234375 0.07610914442274305 0.029991340637207032
0 0.23259527418348525 0.6743266105651855 0.044370608859592015 0.03474559783935547
0 0.14859559800889757 0.4880405902862549 0.05417751736111111 0.033734130859375
0 0.7944977654351129 0.3228899955749512 0.05062645806206597 0.037859439849853516
0 0.6076647440592448 0.30385067462921145 0.08800014919704861 0.03122110366821289
0 0.29300630357530383 0.3207044839859009 0.05265435112847222 0.030937671661376953
0 0.8092059665256076 0.30052475929260253 0.06821119520399306 0.023896121978759767
0 0.40398390028211806 0.48367972373962403 0.06929134792751736 0.029627418518066405
0 0.025806427001953125 0.31198022365570066 0.046998087565104166 0.02847714424133301
0 0.4232652452256944 0.5893287658691406 0.05948045518663195 0.03576869964599609
0 0.37233564588758683 0.4298243522644043 0.07459309895833334 0.027241897583007813
0 0.11807869805230034 0.5462275505065918 0.07451510959201389 0.026860618591308595
0 0.4435076395670573 0.2754546642303467 0.04816775851779514 0.04990434646606445
0 0.34747551812065974 0.33142733573913574 0.06686604817708333 0.027631282806396484
0 0.33725382486979166 0.4038290023803711 0.06288265652126736 0.024408340454101562
0 0.6208970811631944 0.37393133640289306 0.09153476291232639 0.03833022117614746
0 0.04643325805664063 0.5225944519042969 0.0642484876844618 0.026362037658691405
0 0.3300363328721788 0.27418081760406493 0.05869428846571181 0.042640161514282224
0 0.3902898152669271 0.3975666522979736 0.05296563042534722 0.043881702423095706
0 0.21772151523166233 0.5655742168426514 0.05288060506184896 0.028005218505859374
0 0.6775624593098958 0.580744457244873 0.06816609700520833 0.025995254516601562
0 0.6773705376519097 0.48772411346435546 0.0734832763671875 0.030237770080566405
0 0.4482340494791667 0.5234559059143067 0.06715291341145833 0.03231964111328125
0 0.8373470730251736 0.3255634307861328 0.04296535915798611 0.03496198654174805
0 0.6716488308376736 0.3581651210784912 0.08558078342013889 0.02985372543334961
0 0.401938968234592 0.5099849700927734 0.06681620279947917 0.026287555694580078
0 0.02395655314127604 0.5590786933898926 0.044548882378472224 0.03424549102783203
0 0.11953985426161025 0.5167916297912598 0.0768051995171441 0.028807830810546876
0 0.524206797281901 0.7004057884216308 0.040120442708333336 0.029748249053955077
0 0.21467810736762152 0.6049982070922851 0.04666256374782986 0.034967994689941405
0 0.46152606540256075 0.34392457008361815 0.04758317735460069 0.034101676940917966
0 0.10051663716634114 0.5995355606079101 0.03740649753146701 0.030494117736816408
0 0.7169397989908854 0.5124398231506347 0.05420566134982639 0.042467689514160155
0 0.6296869913736979 0.3350240230560303 0.044444444444444446 0.03027944564819336
0 0.24677954779730904 0.2578151702880859 0.06146053738064236 0.028644657135009764
