0 0.6797417534722222 0.1102655440568924 0.10026685926649305 0.06107420325279236
0 0.7068732367621527 0.2709139585494995 0.1167938232421875 0.05800509452819824
0 0.18208368089463975 0.15678514242172242 0.10026609632703994 0.05315475463867188
0 0.856642320421007 0.1847608804702759 0.09630059136284722 0.0603792667388916
0 0.9275707668728299 0.91796875 0.1441436767578125 0.04690628051757813
0 0.08928922017415365 0.19526031017303466 0.0980728997124566 0.06741371154785156
0 0.034131028917100695 0.6572859764099122 0.06324344211154515 0.04296302795410156
0 0.2393585205078125 0.7672205448150635 0.12137925889756944 0.043481636047363284
0 0.061641099717881946 0.9449640274047851 0.0793702867296007 0.05670738220214844
0 0.07942318386501736 0.15538806915283204 0.09635179307725694 0.06667084693908691
0 0.65784912109375 0.8990916252136231 0.10089501274956597 0.05873165130615234
0 0.08545964558919271 0.28981130123138427 0.1334440443250868 0.051267814636230466
0 0.2787291208902995 0.978542423248291 0.11793238321940104 0.042863655090332034
0 0.548032463921441 0.6517575740814209 0.13585679796006944 0.05029916763305664
0 0.10053931342230903 0.6511415481567383 0.06404012044270833 0.05313949584960938
0 0.16429757012261284 0.47020230293273924 0.08608373006184895 0.05417442321777344
0 0.23362918429904514 0.07679264545440674 0.10022091335720486 0.043619942665100095
0 0.4023113674587674 0.8579029083251953 0.1325108846028646 0.051544570922851564
0 0.5957700941297743 0.1381738781929016 0.06455722384982639 0.05114655494689942
0 0.5257575988769532 0.35168254375457764 0.10377824571397569 0.07267398834228515
0 0.1654266357421875 0.9665863037109375 0.12908545600043403 0.05570220947265625
0 0.9655771043565539 0.6733112335205078 0.06884579128689236 0.055934715270996097
0 0.1252623240152995 0.9160171508789062 0.10676481458875868 0.0486846923828125
0 0.14558194478352865 0.762287950515747 0.07531221177842883 0.057885169982910156
0 0.2833038330078125 0.11819836795330048 0.09117007785373264 0.03812256455421448
0 0.5172247992621528 0.4432673454284668 0.1255893283420139 0.05206012725830078
0 0.03502065870496962 0.24844009876251222 0.06529651217990451 0.052259969711303714
0 0.25842632717556424 0.41349520683288576 0.10768373277452258 0.041038227081298825
0 0.0265838623046875 0.8840073585510254 0.050403255886501734 0.04281558990478516
0 0.6313952975802951 0.39427781105041504 0.1218017578125 0.04116277694702149
0 0.2558401319715712 0.5371838569641113 0.12593366834852432 0.049880599975585936
0 0.9626997629801433 0.20029125213623047 0.07460047403971354 0.061371374130249026
0 0.6200210571289062 0.2149341106414795 0.09486796061197916 0.044737625122070315
0 0.43580830891927086 0.3134981632232666 0.10003814697265626 0.08702335357666016
0 0.3721809387207031 0.592689037322998 0.10340694851345486 0.045978355407714847
0 0.9441764831542969 0.8622064590454102 0.0927522447374132 0.06289405822753906
0 0.06980243259006076 0.4386500358581543 0.12762535942925346 0.03962497711181641
0 0.7678705003526476 0.23557276725769044 0.09383595784505208 0.058376407623291014
0 0.09036831325954861 0.48505396842956544 0.10085991753472222 0.052260208129882815
0 0.5399000379774306 0.10063223838806153 0.11598239474826388 0.04217064380645752
0 0.6612680223253038 0.9658994674682617 0.1409971449110243 0.05376148223876953
0 0.4812791612413194 0.2550550937652588 0.15130683051215277 0.05128288269042969
0 0.38618859185112847 0.12413933277130126 0.09320000542534722 0.06790800094604492
0 0.1406322479248047 0.41493797302246094 0.12383109198676215 0.04653501510620117
0 0.6203004625108507 0.6856002807617188 0.1170315212673611 0.06061611175537109
0 0.2201597425672743 0.45249061584472655 0.08460354275173611 0.04615211486816406
0 0.9709698994954427 0.2498049259185791 0.05806020100911458 0.04232034683227539
0 0.6960796780056424 0.21466383337974548 0.08406134711371528 0.05501233339309693
0 0.6186058892144097 0.25834906101226807 0.0894504123263889 0.04746775627136231
0 0.8745137532552083 0.6745843887329102 0.08346625434027778 0.061199951171875
0 0.33715116712782117 0.44890317916870115 0.11294030083550347 0.045772361755371097
0 0.6021769205729167 0.4756620407104492 0.1008575439453125 0.055231666564941405
0 0.9329822116427952 0.7146921157836914 0.10949537489149305 0.040010261535644534
0 0.1103232913547092 0.2415083408355713 0.09482345581054688 0.0470158576965332
0 0.6475740220811632 0.35459165573120116 0.10975782606336805 0.04953184127807617
0 0.817790052625868 0.8767948150634766 0.09453497992621528 0.04433250427246094
0 0.9718994140625 0.1412227511405945 0.05600619845920139 0.08380744457244874
0 0.2799761454264323 0.27575981616973877 0.13314734564887154 0.0519777774810791
0 0.5952561272515191 0.1835703134536743 0.13861846923828125 0.044843006134033206
0 0.7871406555175782 0.7341070175170898 0.08862084282769098 0.031006050109863282
0 0.7695834689670139 0.30054397583007814 0.13639933268229168 0.05710048675537109
0 0.8721879747178819 0.8478985786437988 0.0622160169813368 0.07381629943847656
0 0.9231080796983507 0.5644657135009765 0.05486653645833333 0.036217117309570314
0 0.9773679945203994 0.8264978408813477 0.04360724555121528 0.050899505615234375
0 0.17791222466362847 0.2329617977142334 0.06900770399305556 0.02922029495239258
0 0.9764737447102865 0.3381836414337158 0.04657558865017361 0.039793777465820315
0 0.40605740017361114 0.7795943260192871 0.08961944580078125 0.03943309783935547
0 0.4905359903971354 0.8778356552124024 0.07997843424479166 0.04044189453125
0 0.8934750027126737 0.6415412425994873 0.06637064615885417 0.026064586639404298
0 0.49486846923828126 0.1981801748275757 0.10003492567274305 0.07869572639465332
