0 0.2745268927680122 0.4832613945007324 0.07234988742404513 0.027122306823730468
0 0.6362555609809027 0.29034900665283203 0.05531277126736111 0.041180086135864255
0 0.1797591739230686 0.28006806373596194 0.041672431098090275 0.03470926284790039
0 0.6889938354492188 0.4219525337219238 0.06694471571180556 0.026564598083496094
0 0.1045257568359375 0.25397400856018065 0.06174960666232639 0.02197880744934082
0 0.8026130676269532 0.8426156997680664 0.04526706271701389 0.046183013916015626
0 0.05747142367892795 0.21945457458496093 0.044947645399305555 0.038681983947753906
0 0.5277496337890625 0.40453281402587893 0.05367262098524306 0.03674039840698242
0 0.36411268446180556 0.4951359272003174 0.0810455322265625 0.030571365356445314
0 0.021228281656901042 0.6222640991210937 0.03857048882378472 0.03713436126708984
0 0.17868711683485244 0.2514470338821411 0.046493275960286455 0.030686569213867188
0 0.6989206949869792 0.5349642753601074 0.06231892903645833 0.03537693023681641
0 0.2943642934163411 0.6966039657592773 0.05517052544487847 0.030709457397460938
0 0.8714883592393663 0.5783069133758545 0.052250501844618054 0.032625579833984376
0 0.023062854342990453 0.24238245487213134 0.04402830335828993 0.0368095874786377
0 0.21576050652398004 0.7161411285400391 0.04302198621961806 0.03488607406616211
0 0.06992289225260416 0.6303896427154541 0.04543177286783854 0.03545732498168945
0 0.5020826551649306 0.690217399597168 0.052750651041666666 0.04190387725830078
0 0.8844107733832465 0.6363293647766113 0.05061611599392361 0.04251232147216797
0 0.41219872368706595 0.6049412727355957 0.040923055013020834 0.03405189514160156
0 0.6806427001953125 0.33143956661224366 0.0615447998046875 0.03229203224182129
0 0.7650349934895834 0.5015627384185791 0.07053358289930556 0.025572776794433594
0 0.1824363284640842 0.2204148292541504 0.04862094455295139 0.03405351638793945
0 0.748406982421875 0.3481241464614868 0.04773118760850695 0.03303871154785156
0 0.29624434577094183 0.2771768569946289 0.08651368882921007 0.03224382400512695
0 0.5249910142686632 0.35873072147369384 0.04871927897135417 0.03350577354431152
0 0.1491736094156901 0.6023004531860352 0.06464241875542534 0.028023147583007814
0 0.10253033108181424 0.8702198028564453 0.044951714409722225 0.038780593872070314
0 0.3144133673773872 0.8603107452392578 0.056746419270833334 0.040681076049804685
0 0.6549748738606771 0.5738381385803223 0.08343082004123265 0.03503332138061523
0 0.5448910183376736 0.6921459197998047 0.040820142957899305 0.03753318786621094
0 0.4685346815321181 0.20670602321624756 0.07134331597222222 0.024510288238525392
0 0.27301322089301217 0.20348615646362306 0.0628220452202691 0.03904356956481934
0 0.35455559624565974 0.2845612525939941 0.06419287787543403 0.025876235961914063
0 0.4081399705674913 0.7111183166503906 0.056141832139756945 0.043287467956542966
0 0.16311700608995225 0.3666355133056641 0.06512179904513889 0.04117136001586914
0 0.17996427747938368 0.3243833303451538 0.053105333116319445 0.040558481216430665
0 0.2246768103705512 0.28993935585021974 0.06048550075954861 0.04078187942504883
0 0.36553912692599827 0.4693721294403076 0.06903245713975695 0.022476863861083985
0 0.1873490227593316 0.8057036399841309 0.05558013916015625 0.03319530487060547
0 0.15426199171278213 0.448709774017334 0.06509950425889757 0.0529449462890625
0 0.7824634975857205 0.4767172336578369 0.05316212972005208 0.029024696350097655
0 0.3598033481174045 0.8578037261962891 0.042687310112847224 0.03224525451660156
0 0.7882405598958333 0.7026463985443115 0.05025906032986111 0.02434053421020508
0 0.2933937072753906 0.3127609729766846 0.06631859673394097 0.04150581359863281
0 0.24384824964735244 0.502789306640625 0.07967113918728298 0.025857162475585938
0 0.10159602695041232 0.3588706493377686 0.06427781846788194 0.04089412689208984
0 0.24919217427571613 0.4160476207733154 0.057050069173177086 0.025280475616455078
0 0.6588809543185764 0.48700685501098634 0.04313388400607639 0.033265113830566406
0 0.20991219414605033 0.47194747924804686 0.055845218234592015 0.04729175567626953
0 0.843147956000434 0.7024191856384278 0.06470201280381944 0.03813934326171875
0 0.26158489651150174 0.45830883979797366 0.07188635932074652 0.026148891448974608
0 0.06230087280273437 0.5978551864624023 0.04458101060655382 0.03666353225708008
0 0.5807300143771701 0.25716485977172854 0.06904229058159722 0.02891988754272461
0 0.770765855577257 0.8689413070678711 0.058636474609375 0.0263275146484375
0 0.025590430365668403 0.5723431587219239 0.051180860731336805 0.02309837341308594
0 0.13379626803927952 0.668399429321289 0.04442901611328125 0.044222450256347655
0 0.32550811767578125 0.33680033683776855 0.08263414171006944 0.032346248626708984
0 0.6793374803331164 0.3815568447113037 0.061514790852864584 0.021240043640136718
0 0.15079180399576822 0.7026317119598389 0.06746563381618924 0.022864913940429686
0 0.10770339965820312 0.7095499038696289 0.04685482449001736 0.03459148406982422
0 0.7655424329969618 0.6686393737792968 0.07719268798828124 0.022689056396484376
0 0.013122389051649306 0.8642742156982421 0.024758402506510416 0.03919792175292969
0 0.020203684341045126 0.2696216806815792 0.03453205672462498 0.032039311518921684
0 0.7932993570963541 0.6638118743896484 0.04891391330295139 0.026268196105957032
0 0.2137438032362196 0.5998929977416992 0.050202094184027775 0.02784595489501953
0 0.3073494381374783 0.6256121158599853 0.06314705742730034 0.029760456085205077
0 0.8809804280598958 0.5527494430541993 0.03387858072916667 0.025609588623046874
0 0.6155194600423177 0.2380441904067993 0.036723158094618055 0.032914924621582034
0 0.35382410685221355 0.3113255977630615 0.06051059299045139 0.024682235717773438
0 0.02733917236328125 0.18829066753387452 0.048929850260416664 0.02570066452026367
0 0.020846388075086805 0.2095595121383667 0.039580281575520834 0.028700542449951173
