0 0.9449122111002605 0.22868330478668214 0.09267951117621528 0.07284150123596192
0 0.5197193569607205 0.8787891387939453 0.09365624321831598 0.07895774841308593
0 0.10923241509331597 0.13979456424713135 0.13048010932074652 0.046246576309204104
0 0.44688652886284724 0.15654919147491456 0.13739556206597223 0.05492861270904541
0 0.1582532246907552 0.21098323464393615 0.13084699842664932 0.0509027361869812
0 0.11590033637152777 0.6469624519348145 0.1053526136610243 0.053474044799804686
0 0.26290673149956595 0.5918354988098145 0.07357465955946181 0.06619129180908204
0 0.7252229478624131 0.6344969272613525 0.0906005859375 0.07565021514892578
0 0.2829403771294488 0.24808950424194337 0.08673799302842881 0.06600790023803711
0 0.5942350599500869 0.21307000517845154 0.13418816460503472 0.05182915925979614
0 0.9310906304253472 0.45356016159057616 0.06833869086371527 0.0635498046875
0 0.6166481865776909 0.7658162117004395 0.08204600016276041 0.05899343490600586
0 0.58930909898546 0.3043991565704346 0.09522586398654515 0.07230091094970703
0 0.9724941677517361 0.541500186920166 0.05501166449652778 0.059570026397705075
0 0.5788157145182292 0.5013881683349609 0.07187940809461806 0.06615180969238281
0 0.617822774251302 0.884776496887207 0.0918155246310764 0.05979843139648437
0 0.05621876186794705 0.05678664594888687 0.10957192314995659 0.04864163100719452
0 0.05838911268446181 0.8942323684692383 0.11677822536892361 0.05697021484375
0 0.2072029537624783 0.9029834747314454 0.11502117580837673 0.056707763671875
0 0.8767147488064236 0.700261926651001 0.11443277994791666 0.08358974456787109
0 0.07514368693033854 0.10183246433734894 0.1500979953342014 0.05199646353721619
0 0.20088111029730904 0.6285491943359375 0.07691582573784722 0.07354087829589843
0 0.755254618326823 0.40512924194335936 0.08054640028211806 0.04144859313964844
0 0.2682214525010851 0.41208534240722655 0.09669342041015624 0.061029911041259766
0 0.028438144259982638 0.8046724557876587 0.05642344156901042 0.06687006950378419
0 0.3842277526855469 0.3045678615570068 0.15302649603949653 0.055939674377441406
0 0.9607537163628472 0.8501340866088867 0.07783745659722222 0.052133941650390626
0 0.9627574496799045 0.6675629615783691 0.07422247992621528 0.056716537475585936
0 0.050700208875868055 0.22689080238342285 0.100616455078125 0.05059361457824707
0 0.41619873046875 0.21660432815551758 0.08557908799913194 0.07761168479919434
0 0.805322265625 0.6278166770935059 0.07820061577690972 0.0637369155883789
0 0.34667061699761287 0.3955855846405029 0.06500328911675347 0.05937776565551758
0 0.7774334377712674 0.5680768013000488 0.13093499077690973 0.07046966552734375
0 0.529430898030599 0.5261035919189453 0.11346384684244791 0.04965229034423828
0 0.5724231296115452 0.11762190163135529 0.07667338053385417 0.0661244809627533
0 0.8841986762152778 0.6456026077270508 0.09463060167100694 0.05945167541503906
0 0.09773122999403212 0.31273531913757324 0.10866894192165799 0.04649410247802734
0 0.3598332934909397 0.24854097366333008 0.08247201707628038 0.060988998413085936
0 0.7867657131618924 0.9303031921386719 0.09209323459201389 0.09307861328125
0 0.4076833936903212 0.6284716606140137 0.06331346299913194 0.060968017578125
0 0.6163130866156684 0.6480415821075439 0.07847340901692708 0.029409122467041016
0 0.9038516574435764 0.3920056581497192 0.08664364284939235 0.08496146202087403
0 0.8317894829644097 0.4763498783111572 0.107220458984375 0.07970514297485351
0 0.4910942925347222 0.9874890327453614 0.12622731526692707 0.025021934509277345
0 0.1792282952202691 0.25964879989624023 0.1250695122612847 0.054786968231201175
0 0.9666978624131944 0.7126013755798339 0.0654205322265625 0.041030502319335936
0 0.9833652072482639 0.4955580711364746 0.03326958550347222 0.03285770416259766
0 0.6782736884223091 0.8689784049987793 0.07218136257595487 0.058415985107421874
0 0.5142872280544705 0.1371619701385498 0.048405965169270836 0.031084728240966798
0 0.8271604938271602 0.3894675925925926 0.09053497942386836 0.09259259259259256
