0 0.5176415920257569 0.8866489834255642 0.06753997802734375 0.17671373155381945
0 0.1398573637008667 0.9286809285481771 0.0938178539276123 0.14263814290364582
0 0.2305211305618286 0.4643682691786024 0.056251001358032224 0.10301852756076389
0 0.8959802627563477 0.8667756822374132 0.0833099365234375 0.0872894287109375
0 0.23869595527648926 0.2881750318739149 0.07657766342163086 0.1212095472547743
0 0.3666096210479736 0.4416622585720486 0.06568717956542969 0.136572265625
0 0.6709980964660645 0.17788912455240885 0.05130062103271484 0.0945343017578125
0 0.5855483055114746 0.1153975592719184 0.05582923889160156 0.06775275336371528
0 0.5741965770721436 0.24108348422580295 0.06574163436889649 0.08523966471354166
0 0.9769336700439453 0.9464697519938151 0.046132659912109374 0.10706049601236979
0 0.31615276336669923 0.24082942538791233 0.06824150085449218 0.07653257581922743
0 0.5292168617248535 0.1487841288248698 0.04742250442504883 0.12071923149956597
0 0.027307796478271484 0.21048588222927517 0.05461559295654297 0.16453679402669272
0 0.18560950756072997 0.20816413031684028 0.051524686813354495 0.10752970377604167
0 0.7439834117889405 0.1535260518391927 0.062441444396972655 0.09397896660698785
0 0.09852389097213746 0.1930130428738064 0.09421637058258056 0.11571409437391493
0 0.3370645046234131 0.5501112196180555 0.055059385299682614 0.16444634331597222
0 0.2548989772796631 0.07733768886990017 0.06936602592468262 0.0840958489312066
0 0.7228102684020996 0.36118030548095703 0.0694082260131836 0.09177513122558593
0 0.658885908126831 0.5398044162326389 0.05432147979736328 0.07092929416232639
0 0.07667376399040222 0.10677659776475694 0.06435996294021606 0.07775302463107639
0 0.6015538215637207 0.17282083299424914 0.05128459930419922 0.11437064276801215
0 0.2474621295928955 0.17114117940266926 0.07873334884643554 0.10584665934244791
0 0.09813833832740784 0.03663397894965278 0.0817285418510437 0.06866675482855902
0 0.7174905776977539 0.2652414109971788 0.09574317932128906 0.11135982937282986
0 0.6384269714355468 0.11226772732204861 0.047822761535644534 0.07028774685329861
0 0.7206613540649414 0.17545623779296876 0.05673666000366211 0.07391586303710937
0 0.7004734516143799 0.033026801215277776 0.07122106552124023 0.0599611070421007
0 0.7953245162963867 0.12455257839626736 0.06915035247802734 0.12989264594184027
0 0.13421497344970704 0.10378519694010417 0.05680956840515137 0.08404337565104167
0 0.6647621154785156 0.0709210713704427 0.04388504028320313 0.07009192572699653
0 0.15405311584472656 0.05013648139105903 0.040552806854248044 0.05481796264648438
0 0.7457643985748291 0.24670867919921874 0.04519205093383789 0.08689804077148437
0 0.8019641876220703 0.09233635796440973 0.05425586700439453 0.06540239122178819
0 0.04590240642428398 0.06924073961046007 0.04605802446603775 0.05572645399305556
0 0.8412327766418457 0.0235870361328125 0.033348464965820314 0.04241044786241319
0 0.6302091121673584 0.060505718655056426 0.054240989685058597 0.046493784586588545
