0 0.22353634304470485 0.1492008686065674 0.09411349826388889 0.06555938720703125
0 0.04890397389729818 0.3155969142913818 0.09780794779459635 0.073687744140625
0 0.04196523030598958 0.4886472225189209 0.07393569946289062 0.05930147171020508
0 0.9023337470160591 0.8583467483520508 0.10152876112196181 0.04539985656738281
0 0.36399250030517577 0.3570393562316895 0.10753067864312066 0.038950538635253905
0 0.11833508809407552 0.24809350967407226 0.11183259752061632 0.07323341369628907
0 0.206827884250217 0.7561717987060547 0.12253790961371527 0.044256591796875
0 0.9598037719726562 0.37959558963775636 0.0803924560546875 0.05369715690612793
0 0.957694329155816 0.813364315032959 0.08461134168836805 0.03833580017089844
0 0.05207544962565104 0.9270691871643066 0.10415089925130208 0.05232715606689453
0 0.2383456759982639 0.7071011543273926 0.08951772054036458 0.051625633239746095
0 0.813459947374132 0.47088985443115233 0.08976084391276042 0.05862751007080078
0 0.22628343370225695 0.9320919036865234 0.10410359700520834 0.06741065979003906
0 0.5706526862250434 0.30922665596008303 0.10046200222439236 0.07036333084106446
0 0.039497926500108506 0.060771554708480835 0.07638600667317709 0.049574410915374754
0 0.7777733696831597 0.8229721069335938 0.11611294216579861 0.04406394958496094
0 0.044377305772569445 0.7056242942810058 0.08597632514105903 0.040067291259765624
0 0.496939934624566 0.11955640614032745 0.08559214274088542 0.065576833486557
0 0.26891988118489585 0.4025310516357422 0.0871248033311632 0.07826862335205079
0 0.12216254340277778 0.06507889032363892 0.09796888563368056 0.03813724517822266
0 0.12288148668077258 0.9624343872070312 0.0628446790907118 0.05148506164550781
0 0.5983430650499132 0.5997241020202637 0.06462775336371528 0.06264286041259766
0 0.2897474500868056 0.8239546775817871 0.10510118272569445 0.039585113525390625
0 0.1839082505967882 0.4092934489250183 0.09760411580403645 0.033798813819885254
0 0.27849409315321183 0.07559065222740173 0.08924950493706597 0.03950420618057251
0 0.9527264912923177 0.605234432220459 0.08724161783854166 0.03872270584106445
0 0.1389900631374783 0.5174436092376709 0.08547761705186632 0.055818367004394534
0 0.15328809950086805 0.09692341685295106 0.06505381266276042 0.03272475004196167
0 0.03401150173611111 0.2507237672805786 0.06582709418402778 0.07115721702575684
0 0.12066506279839409 0.37557425498962405 0.09146898057725694 0.035076904296875
0 0.6955632527669271 0.31052327156066895 0.08450046115451389 0.04378566741943359
0 0.5445672776963976 0.6647731304168701 0.06307457817925347 0.05626497268676758
0 0.2168918185763889 0.07961344122886657 0.07325252956814236 0.059290611743927
0 0.04146948920355903 0.9690956115722656 0.08293897840711806 0.03871917724609375
0 0.35384258694118925 0.22550525665283203 0.0980012681749132 0.03398752212524414
0 0.11935840182834201 0.6527470111846924 0.10624525282118055 0.03557748794555664
0 0.44163538614908854 0.5774238586425782 0.06251135932074653 0.052661705017089847
0 0.16281988355848526 0.17009320259094238 0.09086778428819445 0.029279255867004396
0 0.27171173095703127 0.6113436222076416 0.09707505967881945 0.032995986938476565
0 0.6922337849934895 0.5831472873687744 0.07674967447916667 0.03128042221069336
0 0.8582360161675348 0.7393097877502441 0.09917772081163194 0.06522693634033203
0 0.4085171169704861 0.9117837905883789 0.07930467393663194 0.06795845031738282
0 0.16151691012912325 0.7065017700195313 0.06979641384548611 0.04143505096435547
0 0.25966788397894963 0.4791536331176758 0.079608154296875 0.04294910430908203
0 0.7190987481011285 0.6617379188537598 0.07416280110677083 0.056859588623046874
0 0.7148473103841145 0.9806381225585937 0.07365688747829861 0.038365936279296874
0 0.04385223388671875 0.582643985748291 0.06800520155164931 0.04891834259033203
0 0.6688995361328125 0.5296262741088867 0.07299160427517361 0.060773277282714845
0 0.3290901184082031 0.965556526184082 0.09843054877387153 0.057916259765625
0 0.48563012017144097 0.374973201751709 0.08560706244574653 0.05131721496582031
0 0.8660730997721354 0.641766881942749 0.09187045627170139 0.04822702407836914
0 0.03592872619628906 0.7623573780059815 0.06518698798285591 0.048291492462158206
0 0.49333919949001737 0.7513835906982422 0.10428466796875 0.05148239135742187
0 0.375288814968533 0.5971950054168701 0.07139536539713541 0.05113763809204101
0 0.4202068752712674 0.3935903549194336 0.08650733100043403 0.042312240600585936
0 0.937862311469184 0.5676617622375488 0.06357760959201389 0.050732994079589845
0 0.6285859849717882 0.9325872421264648 0.09429287380642361 0.09269447326660156
0 0.9230150010850694 0.5139856338500977 0.08661770290798611 0.038593292236328125
0 0.45399695502387155 0.82701416015625 0.09508192274305556 0.050852203369140626
0 0.6944039238823785 0.35322935581207277 0.10299157036675347 0.04765772819519043
0 0.1986874050564236 0.4458977222442627 0.12349209255642361 0.042194461822509764
0 0.25022710164388023 0.1115572452545166 0.05552622477213542 0.03750379085540771
0 0.2193311479356554 0.27022504806518555 0.10508397420247396 0.05821409225463867
0 0.7873395284016927 0.5120898246765136 0.1098542955186632 0.03910617828369141
0 0.5477787441677517 0.5305728912353516 0.10048878987630208 0.04034709930419922
0 0.4901390923394097 0.8640232086181641 0.10615013970269097 0.04127578735351563
0 0.9824195014105903 0.5457980155944824 0.035160997178819445 0.034435462951660153
0 0.10552181667751737 0.6887040615081788 0.07536968655056424 0.03419208526611328
0 0.8104115804036458 0.2164046049118042 0.09938167995876736 0.04423842430114746
0 0.2026629130045573 0.040147948265075686 0.103271484375 0.03758273124694824
0 0.2010363260904948 0.9755548477172852 0.08460235595703125 0.04874839782714844
0 0.07976307339138455 0.1527871608734131 0.04992429945203993 0.028907966613769532
0 0.0407742182413737 0.3659377098083496 0.0815484364827474 0.04936275482177734
0 0.5017162746853299 0.23711028099060058 0.06348775227864584 0.05254354476928711
0 0.704603746202257 0.3908998966217041 0.09273596869574653 0.0436558723449707
0 0.6072460598415799 0.8277124404907227 0.10258449978298612 0.036524200439453126
0 0.5979595608181424 0.3742544651031494 0.08907063802083333 0.04785342216491699
0 0.5483061048719619 0.1914008378982544 0.110369873046875 0.048564577102661134
0 0.4006952921549479 0.48903417587280273 0.13351542154947918 0.05543251037597656
0 0.501104990641276 0.6136328697204589 0.06383463541666666 0.03623695373535156
0 0.6066982693142361 0.4226346969604492 0.06930474175347222 0.04835968017578125
0 0.19433085123697916 0.36293320655822753 0.06058358086480035 0.05018391609191895
0 0.7894821166992188 0.8638794898986817 0.11256544325086805 0.04111900329589844
0 0.6142773098415799 0.7710845947265625 0.06803758409288195 0.055118751525878903
0 0.6903116014268663 0.23849883079528808 0.08678097195095485 0.03687067031860351
0 0.4558759053548177 0.30520331859588623 0.09080946180555556 0.04216446876525879
0 0.2800496843126085 0.9812732696533203 0.07544335259331597 0.037357330322265625
0 0.5573031955295139 0.9085605621337891 0.06834852430555556 0.04710197448730469
0 0.6084062364366319 0.23255722522735595 0.07452562120225695 0.04792065620422363
0 0.4644982231987847 0.33847627639770506 0.0516143798828125 0.030123090744018553
0 0.3357479519314236 0.263997745513916 0.11231808132595486 0.049168062210083005
0 0.33055046929253473 0.643310832977295 0.07980092366536458 0.040644264221191405
0 0.6374256997442048 0.9776930614754006 0.07320530895343061 0.04450649332117156
0 0.3053532918294271 0.8912943840026856 0.15882229275173612 0.0461456298828125
0 0.5353761461046007 0.5817033290863037 0.08837212456597222 0.06656980514526367
0 0.5579928080240886 0.7613015174865723 0.07037167019314236 0.04268865585327149
0 0.6768057929144965 0.7871711254119873 0.06934034559461806 0.043187427520751956
0 0.15703502231174046 0.5462466239929199 0.08911209106445313 0.04211864471435547
0 0.5425850762261285 0.7256142616271972 0.0659759521484375 0.03098773956298828
0 0.2667148166232639 0.5513711929321289 0.06905737982855903 0.045853805541992185
0 0.38774066501193577 0.9850129604339599 0.10233527289496527 0.029974079132080077
0 0.484723154703776 0.2762000560760498 0.06413048638237848 0.04951400756835937
0 0.25675459967719183 0.5796231269836426 0.10699708726671008 0.03286285400390625
0 0.6258457607693142 0.7005515098571777 0.08792165120442709 0.044404792785644534
0 0.5308641975308641 0.4855324074074074 0.1275720164609054 0.039351851851851846
0 0.4423868312757201 0.4600694444444445 0.06584362139917693 0.04629629629629631
0 0.45781893004115215 0.5190972222222222 0.08024691358024677 0.05092592592592583
