0 0.5119854397243924 0.22282569408416747 0.04391598171657986 0.04145207405090332
0 0.19490576850043403 0.8552881240844726 0.08387942843967014 0.046230316162109375
0 0.3357909004233162 0.5393200177412767 0.05263593190076345 0.0305631124056303
0 0.06143502129448785 0.613887882232666 0.05934312608506945 0.025322341918945314
0 0.8402801513671875 0.8628709793090821 0.03699612087673611 0.027042388916015625
0 0.5908319261338976 0.7456308364868164 0.06554226345486111 0.025609207153320313
0 0.6335626390245226 0.34510388374328616 0.06329769558376735 0.02606806755065918
0 0.5734349568684896 0.9102712631225586 0.04185367160373264 0.0300140380859375
0 0.23734135097927517 0.9870035171508789 0.07112265692816841 0.025451278686523436
0 0.5812464396158854 0.8454690933227539 0.04849582248263889 0.034415817260742186
0 0.6846216837565104 0.767314100265503 0.038033379448784724 0.02920083999633789
0 0.5138775295681424 0.717486047744751 0.04756910536024306 0.02894001007080078
0 0.8997552659776475 0.8290896415710449 0.06559363471137153 0.025266456604003906
0 0.7499501546223958 0.7504358291625977 0.06494886610243056 0.021927928924560545
0 0.0566910637749566 0.805393123626709 0.045170423719618054 0.03404560089111328
0 0.15522151523166233 0.7069940567016602 0.05240758260091146 0.02892131805419922
0 0.5984356350368923 0.8708437919616699 0.04235975477430556 0.03224239349365234
0 0.5270799424913194 0.7433815956115722 0.04700096978081597 0.021091270446777343
0 0.8299030879963497 0.2724812874427209 0.052256318442841926 0.02234511742225059
0 0.8783893161349826 0.4841602325439453 0.044121636284722224 0.023771095275878906
0 0.5073526170518663 0.7646509170532226 0.04189164903428819 0.033261871337890624
0 0.5357092963324652 0.6813081741333008 0.04654812282986111 0.023497390747070312
0 0.15071572197808158 0.21554327607154847 0.048939344618055554 0.03376396894454956
0 0.2628866831461589 0.6786355018615723 0.04214138454861111 0.02974853515625
0 0.5229224310980902 0.6145644187927246 0.04772576226128472 0.021773338317871094
0 0.9363794962565104 0.8444050788879395 0.04510142008463542 0.03323841094970703
0 0.6039889865451389 0.7178055286407471 0.034224446614583334 0.029309558868408202
0 0.5726908365885417 0.6440130233764648 0.04459584554036458 0.030465984344482423
0 0.6884509616427952 0.507113265991211 0.048279656304253474 0.021627140045166016
0 0.7823009914822049 0.6146770477294922 0.061110432942708334 0.020737361907958985
0 0.3805285983615451 0.3875971794128418 0.05780232747395833 0.020361995697021483
0 0.01986304389105903 0.7046310424804687 0.03659871419270833 0.022876453399658204
0 0.2172088623046875 0.3335923671722412 0.034978230794270836 0.028676986694335938
0 0.9613476223415799 0.3578936576843262 0.060638427734375 0.022553348541259767
0 0.08985629611545139 0.7132898330688476 0.04169667561848958 0.022591209411621092
0 0.03416739569769965 0.4072460651397705 0.03972422281901042 0.04173727035522461
0 0.32612539927164713 0.6204203128814697 0.042341825697157116 0.021514511108398436
0 0.37338248358832465 0.515727424621582 0.040198601616753475 0.023731803894042967
0 0.12146674262152778 0.6081531524658204 0.040481482611762154 0.033441925048828126
0 0.09680658976236979 0.4132550239562988 0.038770039876302086 0.030495834350585938
0 0.669846428765191 0.5987207889556885 0.04360741509331597 0.022827720642089842
0 0.021730677286783854 0.3121727426846822 0.04346135457356771 0.024612847963968912
0 0.05521041022406684 0.7202376365661621 0.050005001491970485 0.020771598815917967
0 0.23410432603624132 0.20684056282043456 0.04462526109483507 0.02947573661804199
0 0.47056282891167533 0.7332773208618164 0.06906806098090278 0.025932884216308592
0 0.5185911390516493 0.9947055816650391 0.05002000596788195 0.010588836669921876
0 0.8304843304843305 0.25320512820512825 0.08048433048433047 0.02564102564102564
0 0.42414529914529914 0.49298878205128205 0.047008547008547015 0.01722756410256411
0 0.06267806267806267 0.7395833333333334 0.054843304843304824 0.025641025641025668
