0 0.35135277642144097 0.21876811385154724 0.18213331434461805 0.0769729733467102
0 0.4989306131998698 0.2408832550048828 0.1358701917860243 0.0676870346069336
0 0.8421931796603732 0.1301882266998291 0.12507697211371527 0.04699554443359375
0 0.17866168551974826 0.5482465267181397 0.10646769205729166 0.07577600479125976
0 0.9464300367567274 0.8444093704223633 0.10713992648654513 0.07066020965576172
0 0.673170640733507 0.2510512351989746 0.1016664293077257 0.06776552200317383
0 0.6377714369032118 0.349446964263916 0.13476019965277777 0.06407594680786133
0 0.7539990743001302 0.6197621345520019 0.12295311821831598 0.07032985687255859
0 0.5577263726128472 0.3990320682525635 0.11516757541232639 0.06017856597900391
0 0.8172008938259548 0.6614436626434326 0.12562255859375 0.05481901168823242
0 0.6818912082248264 0.7019637107849122 0.12959153917100694 0.05137577056884766
0 0.5773362053765191 0.7538115024566651 0.1243194580078125 0.09310350418090821
0 0.08648663038088944 0.041374788350529136 0.16447529890900292 0.08275968255820097
0 0.18826781378851998 0.44107761383056643 0.10634994506835938 0.03914909362792969
0 0.46482442220052084 0.833404541015625 0.13004930284288194 0.07498703002929688
0 0.5202760484483507 0.7885673522949219 0.06894700792100694 0.06445903778076172
0 0.735645039876302 0.2222684919834137 0.11278330485026042 0.04880789518356323
0 0.4040379842122396 0.971011734008789 0.15411326090494792 0.057701492309570314
0 0.4283109876844618 0.4044657230377197 0.19649827745225695 0.08852119445800781
0 0.9766331142849393 0.7860014915466309 0.04672631157769097 0.056880950927734375
0 0.9425733527038322 0.9573244324436895 0.11148415396733556 0.05932479081330477
0 0.3876764933268229 0.4662034034729004 0.12599589029947916 0.04390411376953125
