0 0.5487784491644965 0.3582008361816406 0.15911102294921875 0.08769311904907226
0 0.35685308244493275 0.1242094486951828 0.16291974385579427 0.06510153412818909
0 0.18067953321668836 0.16198934316635133 0.17857437133789061 0.06624765396118164
0 0.06412162780761718 0.2168441355228424 0.12552803887261285 0.11741694211959838
0 0.2760804918077257 0.06563710123300552 0.16089918348524307 0.08901085555553437
0 0.38114615546332464 0.710116195678711 0.19587894015842014 0.08415660858154297
0 0.5862406412760417 0.6942810535430908 0.16493462456597222 0.061557579040527347
0 0.7533520168728298 0.36631207466125487 0.09564124213324653 0.08694705963134766
0 0.3872166951497396 0.6258539676666259 0.19817301432291667 0.0850311279296875
0 0.6119559393988715 0.29696409702301024 0.14182332356770833 0.08406357765197754
0 0.647202385796441 0.3978174448013306 0.12306450737847222 0.10913920402526855
0 0.7469647725423177 0.3018923282623291 0.11705542670355903 0.07494993209838867
0 0.6860568576388889 0.44828996658325193 0.12696702745225694 0.0693429946899414
0 0.5994269476996528 0.5502662658691406 0.17236836751302084 0.06962547302246094
0 0.6384577433268229 0.6329188346862793 0.09279920789930556 0.08499679565429688
0 0.5483386569552952 0.5041740417480469 0.13904791937934027 0.051418495178222653
0 0.7812967936197917 0.4739975929260254 0.10237596299913194 0.07294960021972656
0 0.9483310275607639 0.9810357093811035 0.102508544921875 0.037706947326660155
0 0.8556698269314236 0.4645427703857422 0.07183159722222222 0.05978965759277344
