0 0.35540311336517333 0.3673675537109375 0.027680110931396485 0.039977349175347225
0 0.01375477910041809 0.09186333550347223 0.02750955820083618 0.06853044297960069
0 0.16274386644363403 0.7225469801161024 0.02970106601715088 0.06642066107855903
0 0.5619990348815918 0.8618814256456163 0.027703094482421874 0.03860490587022569
0 0.741737699508667 0.04414791531032986 0.030207443237304687 0.05802747938368055
0 0.8013247489929199 0.5330910576714409 0.03082427978515625 0.06811964246961806
0 0.8996530532836914 0.47086122300889754 0.026243972778320312 0.06698133680555556
0 0.886141586303711 0.35130013359917533 0.029068183898925782 0.03226657443576389
0 0.4113468647003174 0.3112299601236979 0.030303382873535158 0.03661159939236111
0 0.4445314407348633 0.31886427137586804 0.022158241271972655 0.03736097547743056
0 0.7583931446075439 0.4301927354600694 0.04289121627807617 0.06293572319878472
0 0.3173192024230957 0.3597123887803819 0.02088470458984375 0.05184699164496528
0 0.24588887691497802 0.3956437004937066 0.02161245346069336 0.029614088270399304
0 0.8439496994018555 0.2247595469156901 0.027395248413085938 0.041118028428819446
0 0.2205733299255371 0.6797481113009982 0.026412582397460936 0.04969397650824653
0 0.363893723487854 0.6202162848578558 0.02998008728027344 0.046262105305989586
0 0.8385623931884766 0.3865878634982639 0.02971038818359375 0.046672227647569446
0 0.22254161834716796 0.736275397406684 0.021726417541503906 0.0354705810546875
0 0.1328497886657715 0.7490440368652344 0.029617691040039064 0.04495290120442708
0 0.2620571136474609 0.677187262641059 0.021651411056518556 0.05357632107204861
0 0.8852025985717773 0.3961477491590712 0.019415283203125 0.0438690185546875
0 0.3144991874694824 0.12601411607530383 0.020869731903076172 0.05454254150390625
0 0.3367870807647705 0.0334181891547309 0.02768087387084961 0.04280887179904514
0 0.028000474721193314 0.38604973687065974 0.021081124246120454 0.05471971299913195
0 0.7097546577453613 0.024386766221788196 0.030583572387695313 0.03947541978624132
0 0.12340476512908935 0.44376203748914933 0.041300058364868164 0.045662773980034724
0 0.9223789215087891 0.4951983981662326 0.022105026245117187 0.04756028917100694
0 0.038281822204589845 0.02440711127387153 0.02171448469161987 0.04729851616753472
0 0.7811371922983554 0.13141995078088162 0.033725001880661645 0.07102462949957755
0 0.4621328353881836 0.43263702392578124 0.02864837646484375 0.0401031494140625
0 0.6023390769958497 0.2075100368923611 0.025206565856933594 0.06772901746961806
0 0.06832658052444458 0.3431374231974284 0.01792581081390381 0.04944835238986545
0 0.1506218433380127 0.9242445203993056 0.024615716934204102 0.04207560221354167
0 0.12414886951446533 0.8675445556640625 0.028069829940795897 0.047539435492621525
0 0.8201351165771484 0.3746441311306424 0.022246551513671876 0.058064778645833336
0 0.5916386127471924 0.49595709906684027 0.030379199981689455 0.05116509331597222
0 0.6448419570922852 0.9127739800347222 0.028264236450195313 0.03748338487413194
0 0.8431022644042969 0.6912307739257812 0.020223617553710938 0.04121975368923611
0 0.3307884693145752 0.1504134284125434 0.017191982269287108 0.0462553236219618
0 0.7870033740997314 0.6602535671657986 0.027080059051513672 0.033412339952256946
0 0.48874506950378416 0.9120149400499132 0.027553081512451172 0.03232455783420139
0 0.08348429203033447 0.43029361300998265 0.026159954071044923 0.03610873752170139
0 0.1325664520263672 0.7916497124565972 0.02717304229736328 0.040385267469618055
0 0.6260274887084961 0.016311772664388022 0.03717947006225586 0.03149134318033854
0 0.862143611907959 0.4192019992404514 0.018880081176757813 0.04972347683376736
0 0.85756859210293 0.13822851699947714 0.025603556534880785 0.03881502818668823
0 0.520345401763916 0.6239581637912326 0.028577423095703124 0.039565022786458334
0 0.29208760261535643 0.22200249565972222 0.018573951721191407 0.05047844780815972
0 0.37107143402099607 0.4993340386284722 0.021169281005859374 0.056282891167534724
0 0.4550946235656738 0.5774342854817708 0.022388267517089843 0.04519297281901042
0 0.836918830871582 0.7516753302680121 0.026675033569335937 0.03729604085286458
0 0.4391789436340332 0.14052598741319444 0.026282882690429686 0.07244466145833334
0 0.2896800756454468 0.3032911936442057 0.01883854866027832 0.03740929497612847
0 0.8375771604938271 0.14091246194582202 0.023148148148148095 0.03513996733014419
0 0.0959861695766449 0.8858666314019097 0.01969078779220581 0.05036519368489583
0 0.8130859375 0.7190519544813369 0.029106330871582032 0.0648312038845486
0 0.5928112030029297 0.27828250461154513 0.02065906524658203 0.04062957763671875
0 0.5880961418151855 0.9807670593261719 0.02271099090576172 0.03846588134765625
0 0.27730956077575686 0.7513922797309027 0.02554454803466797 0.03852572970920139
0 0.3469685554504395 0.12861921522352432 0.020172882080078124 0.028829277886284723
0 0.7363280296325684 0.1625475565592448 0.02616090774536133 0.03700612386067708
0 0.06371474266052246 0.8358300103081597 0.02431516647338867 0.050698174370659724
0 0.38008508682250974 0.6601539611816406 0.03435211181640625 0.03811069064670139
0 0.5263985633850098 0.9836296929253472 0.019983482360839844 0.026325819227430554
0 0.3116419315338135 0.3062035454644097 0.018250465393066406 0.037091233995225695
0 0.34472026824951174 0.4544600592719184 0.034063720703125 0.041913011338975695
0 0.2662267923355103 0.4710587395562066 0.022237443923950197 0.027927144368489584
0 0.8334999084472656 0.6762904696994357 0.02185401916503906 0.04298756917317708
0 0.6840959548950195 0.3373665491739909 0.022136497497558593 0.049349000718858504
0 0.5132773876190185 0.9534907023111979 0.026987457275390626 0.04282938639322917
0 0.398072994235671 0.9427488257936409 0.016582949257595618 0.03228826619863601
0 0.9043519973754883 0.36189354790581596 0.01888427734375 0.03726026746961805
0 0.10387887954711914 0.7204735649956597 0.029590749740600587 0.0510528564453125
0 0.34376518726348876 0.6891626993815104 0.026991748809814455 0.04087999131944445
0 0.6221803188323974 0.6752058241102431 0.02397470474243164 0.0455110337999132
0 0.5041230201721192 0.3130274454752604 0.019678592681884766 0.0321104261610243
0 0.394687557220459 0.5280560811360677 0.019265270233154295 0.03046908908420139
0 0.3442568063735962 0.7027345445421007 0.024365854263305665 0.031977674696180555
0 0.8006044238683127 0.1536351165980796 0.02893518518518512 0.037722908093278454
0 0.17624742798353907 0.9555326931870142 0.031507201646090534 0.034293552812071255
0 0.14838026556776557 0.9566035816035815 0.02661401098901098 0.031033781033781023
0 0.1612580128205128 0.9802604802604803 0.03119276556776557 0.030525030525030337
0 0.19416781135531133 0.9876068376068375 0.046073717948717945 0.025437525437525386
0 0.24296016483516483 0.9639804639804639 0.030334249084249056 0.04477004477004466
0 0.38289835164835156 0.9555860805860805 0.021749084249084245 0.043243793243793134
0 0.6560496794871795 0.9438848188848188 0.044356684981684914 0.04120879120879113
