0 0.6476981268988715 0.3455962657928467 0.0743133544921875 0.036501407623291016
0 0.4487180921766493 0.7780001640319825 0.06507059733072916 0.052799034118652347
0 0.0782131618923611 0.15411865711212158 0.0755954318576389 0.07223715782165527
0 0.5169535319010417 0.07026941776275634 0.10926344129774306 0.05278332233428955
0 0.2979414198133681 0.016947351396083832 0.0955013699001736 0.03375861942768097
0 0.31782073974609376 0.3618896007537842 0.0769561767578125 0.05296878814697266
0 0.44056464301215276 0.11755798161029815 0.09043341742621527 0.04368519186973572
0 0.8494835747612848 0.40892491340637205 0.064886474609375 0.03756504058837891
0 0.12274979485405815 0.8974466323852539 0.06509594387478299 0.05936927795410156
0 0.18671891954210068 0.6561005592346192 0.07917378743489584 0.06855716705322265
0 0.23434838189019097 0.5507666110992432 0.06817050509982639 0.042824077606201175
0 0.07030453152126737 0.48679156303405763 0.09674123128255209 0.07743101119995117
0 0.23663631015353734 0.05951280742883682 0.1086151123046875 0.04232310950756073
0 0.07084036933051216 0.5802725791931153 0.07048611111111111 0.03456592559814453
0 0.1880610148111979 0.14806960821151732 0.12424655490451389 0.05833733081817627
0 0.5545455932617187 0.5864712715148925 0.06452060275607639 0.03099336624145508
0 0.8955194261338976 0.012155667692422868 0.03715159098307292 0.024311335384845735
0 0.5621350606282552 0.29246010780334475 0.05945163302951389 0.041826820373535155
0 0.18413064744737412 0.19003467559814452 0.07825851440429688 0.03426938056945801
0 0.21588397555881075 0.8197344779968262 0.07496405707465278 0.058176612854003905
0 0.8929635789659288 0.7066237449645996 0.060452440049913195 0.052734756469726564
0 0.5318327162000868 0.2568768739700317 0.08277570936414931 0.03532729148864746
0 0.4089127434624566 0.26261334419250487 0.07503272162543403 0.036747407913208005
0 0.5534564548068577 0.20161721706390381 0.06767985026041666 0.03741164207458496
0 0.44924392700195315 0.6550763130187989 0.07288275824652778 0.05195140838623047
0 0.7637633429633246 0.27906503677368166 0.049208747016059026 0.03703241348266602
0 0.48319337632921006 0.7261165618896485 0.0973782009548611 0.04851236343383789
0 0.7898527357313369 0.3334051132202148 0.0444244384765625 0.026034736633300783
0 0.05282465616861979 0.4312467575073242 0.09163699679904513 0.038289642333984374
0 0.8380811903211806 0.6769157409667969 0.0603118896484375 0.04365596771240234
0 0.5941514756944445 0.6271126747131348 0.05488416883680555 0.05520687103271484
0 0.8430203755696615 0.03004506230354309 0.0671112060546875 0.05688738822937012
0 0.12804556952582466 0.9495654106140137 0.09611646864149305 0.05834980010986328
0 0.9239032321506077 0.4847446918487549 0.057274712456597224 0.042884445190429686
0 0.6406102498372396 0.8757539749145508 0.07480536566840278 0.03852691650390625
0 0.33184257083468965 0.49033346176147463 0.07831213209364149 0.04111776351928711
0 0.7084180196126302 0.19298017024993896 0.06996137830946181 0.05682330131530762
0 0.9682286580403646 0.2549263000488281 0.05581258138020833 0.04106359481811524
0 0.09967291090223525 0.33356237411499023 0.10463027954101563 0.03655385971069336
0 0.47510867648654515 0.8947989463806152 0.07944098578559028 0.05253925323486328
0 0.8462994045681423 0.6317354202270508 0.057053290473090275 0.05480613708496094
0 0.3899822658962674 0.6320577621459961 0.05731065538194444 0.033977699279785153
0 0.5431985643174914 0.36602756977081297 0.054055107964409724 0.03190913200378418
0 0.62342529296875 0.42099924087524415 0.04401753743489583 0.033667373657226565
0 0.9599385579427083 0.02919226586818695 0.07885182698567708 0.045955270528793335
0 0.9262363009982639 0.3427762985229492 0.04253946940104167 0.03780651092529297
0 0.7375567966037326 0.46272907257080076 0.04661797417534722 0.04125270843505859
0 0.3067887200249566 0.2712270736694336 0.10261213514539931 0.04233064651489258
0 0.9758885701497396 0.2859573125839233 0.046869913736979164 0.029747915267944337
0 0.629569329155816 0.14163895845413207 0.064971923828125 0.038824725151062014
0 0.5363038804796006 0.16917846202850342 0.06807590060763889 0.05138716697692871
0 0.1913405948215061 0.08067508935928344 0.05269843207465278 0.03974680900573731
0 0.6693211873372396 0.02860274985432625 0.06193949381510417 0.04712817519903183
0 0.3035925547281901 0.6046072959899902 0.07210210164388021 0.04128751754760742
0 0.6980153401692708 0.8863214492797852 0.058268229166666664 0.05302925109863281
0 0.6808103773328993 0.28880178928375244 0.05081142849392361 0.05223469734191895
0 0.14678798251681857 0.60539870262146 0.08663118150499131 0.04535989761352539
0 0.36358795166015623 0.5955389022827149 0.045796034071180554 0.04389324188232422
0 0.5939295450846355 0.4713883399963379 0.046016099717881946 0.0409454345703125
0 0.7862078348795573 0.056166519224643704 0.05080108642578125 0.045934316515922544
0 0.3977295769585503 0.014564608037471772 0.06508263481987847 0.029129216074943544
0 0.9539801703559028 0.3167516469955444 0.038590494791666666 0.038245010375976565
0 0.6414167616102431 0.5345025062561035 0.09919247097439236 0.043053627014160156
0 0.7593732198079427 0.38683691024780276 0.05042300754123264 0.05509757995605469
0 0.7812366061740451 0.7127480506896973 0.07795969645182292 0.05511970520019531
0 0.10442738003200955 0.09741470813751221 0.07575564914279515 0.05306887626647949
0 0.407541741265191 0.05231152772903443 0.11730211046006944 0.05777461528778076
0 0.8962095472547743 0.3601076126098633 0.04214816623263889 0.036066532135009766
0 0.6485309176974826 0.667911434173584 0.059182061089409724 0.05015296936035156
0 0.5472537570529514 0.4416600227355957 0.044463433159722225 0.03991985321044922
0 0.9334041171603733 0.751765251159668 0.06026696099175347 0.05699577331542969
0 0.4195917765299479 0.7204208374023438 0.03981899685329861 0.0311920166015625
0 0.8210333930121527 0.11534996032714843 0.05550604926215278 0.030297088623046874
0 0.6346150716145833 0.9812073707580566 0.06756693522135417 0.037166595458984375
0 0.7488610161675348 0.3455987453460693 0.03878648546006944 0.03809976577758789
0 0.7127994113498264 0.6460756301879883 0.052897474500868055 0.048230743408203124
0 0.48173607720269096 0.6087269306182861 0.052638075086805555 0.04840164184570313
0 0.6763856675889757 0.5662571907043457 0.03913150363498264 0.02871713638305664
0 0.5056216769748264 0.4060389041900635 0.05454491509331597 0.022479438781738283
0 0.9567908393012152 0.9129242897033691 0.06112942165798611 0.06393642425537109
0 0.9147975497775608 0.5684393882751465 0.061312696668836805 0.04235630035400391
0 0.34526240030924477 0.730814266204834 0.07838270399305555 0.03535318374633789
0 0.580816650390625 0.12254593372344971 0.055203077528211804 0.04112365245819092
0 0.9046681722005209 0.8422739028930664 0.0516143798828125 0.06465339660644531
0 0.9093219333224827 0.13176190853118896 0.05333099365234375 0.04140372276306152
0 0.49161851671006945 0.3051934242248535 0.06294691297743056 0.02735309600830078
0 0.86769044664171 0.8946626663208008 0.049065483940972224 0.041494560241699216
0 0.06040056016710069 0.360206151008606 0.0771699693467882 0.03904914855957031
0 0.8679600185818143 0.32036776542663575 0.04596337212456597 0.044338226318359375
0 0.5416004604763455 0.10186781883239746 0.06012691921657986 0.02421712875366211
0 0.9264428032769098 0.8790311813354492 0.058592732747395834 0.053237533569335936
0 0.6912840949164496 0.11741470098495484 0.07781762017144098 0.03160474300384521
0 0.2261456807454427 0.8649221420288086 0.07975056966145834 0.054205322265625
0 0.12922888861762152 0.21344208717346191 0.09212782118055556 0.03623208999633789
0 0.8887380811903212 0.16273796558380127 0.04057108561197917 0.04524378776550293
0 0.24940456814236112 0.5974169731140136 0.05030364990234375 0.05258674621582031
0 0.6130399915907118 0.2034766912460327 0.049279106987847224 0.04340357780456543
0 0.8287428114149306 0.3326873302459717 0.03565029568142361 0.032613372802734374
0 0.04769168429904514 0.18838393688201904 0.08790011935763889 0.04554581642150879
0 0.5624989827473958 0.3272812843322754 0.048293050130208334 0.03860063552856445
0 0.8825885348849827 0.5374756813049316 0.0643124050564236 0.029819393157958986
0 0.7609242757161458 0.7600025653839111 0.045977783203125 0.032176971435546875
0 0.3980158487955729 0.5690342426300049 0.053856743706597224 0.03391075134277344
0 0.041891182793511283 0.6268805503845215 0.07862913343641494 0.049160003662109375
0 0.9804214477539063 0.21277148723602296 0.037440660264756946 0.03529653549194336
0 0.8906968010796441 0.06660613417625427 0.04398922390407986 0.046107816696166995
0 0.6340094672309028 0.2889596939086914 0.0751981947157118 0.039243125915527345
0 0.3311247083875868 0.9577311515808106 0.06288163926866319 0.02691822052001953
0 0.5028099907769097 0.020001065731048585 0.06734415690104166 0.04000213146209717
0 0.8348987155490452 0.5855476379394531 0.039826117621527775 0.03392162322998047
0 0.23752073594081524 0.6877189388981572 0.08462931001137311 0.07016397405553741
0 0.7315505133734809 0.7340442657470703 0.047553337944878475 0.04442310333251953
0 0.8869072808159723 0.5950192928314209 0.038432142469618055 0.03260259628295899
0 0.7162937588161893 0.9195692062377929 0.04310980902777778 0.03414726257324219
0 0.3112907409667969 0.9857378005981445 0.0656404283311632 0.027968978881835936
0 0.720851559109158 0.2646144390106201 0.042282782660590275 0.03564119338989258
0 0.4507854885525174 0.5149551868438721 0.05788065592447917 0.036824607849121095
0 0.31184302435980904 0.1148900032043457 0.09195081922743055 0.032704710960388184
0 0.6696319580078125 0.7040319442749023 0.04828152126736111 0.04304323196411133
0 0.708270263671875 0.5127505779266357 0.06089816623263889 0.05420045852661133
0 0.8361175537109375 0.4950211524963379 0.05392032199435764 0.031075477600097656
0 0.7619491577148437 0.17808927297592164 0.06712375217013888 0.05496418476104736
0 0.025436352702325426 0.9582481525562427 0.05191090901692708 0.05292778015136719
0 0.9561689588758681 0.8125770807266235 0.04306979709201389 0.044322538375854495
0 0.1315061781141493 0.1757105588912964 0.04594777425130208 0.043687629699707034
0 0.14511167738172742 0.30503692626953127 0.08494033813476562 0.053896427154541016
0 0.8009799533420139 0.5329442024230957 0.04451734754774306 0.024852943420410157
0 0.3442680358886719 0.40879998207092283 0.06220516628689236 0.048544120788574216
0 0.8017123752170139 0.9540398597717286 0.0457183837890625 0.04940338134765625
0 0.7004457261827257 0.06440662145614624 0.05705803765190972 0.02284407615661621
0 0.6233787536621094 0.591463565826416 0.04492746988932292 0.035753059387207034
0 0.5939648098415798 0.02552354633808136 0.05695343017578125 0.02431355118751526
0 0.7003932529025607 0.010328705608844756 0.06435309516059028 0.020405232906341553
0 0.863039313422309 0.19418830871582032 0.06246541341145833 0.03174123764038086
0 0.796315171983507 0.3030613899230957 0.05113016764322917 0.04177007675170898
0 0.46748792860243055 0.20923449993133544 0.06477847629123264 0.04233145713806152
0 0.8105784098307292 0.26442513465881345 0.044804551866319445 0.03591842651367187
0 0.4955376519097222 0.12978343963623046 0.0576171875 0.02855982780456543
0 0.13849035506385826 0.5184330092536078 0.0686983022179622 0.05456916667796931
0 0.5941741943359375 0.053024782240390776 0.05602891710069444 0.03097653090953827
0 0.9603592860845874 0.5187433242797852 0.08087056477864583 0.04975929260253912
0 0.4224007500542535 0.7501955032348633 0.07851799858940972 0.02725830078125
0 0.6510997348361545 0.6231247901916503 0.05728098551432292 0.03542137145996094
0 0.9286322699652778 0.43771910667419434 0.04568752712673611 0.04293737411499023
0 0.8389392428927951 0.5396953582763672 0.03927646213107639 0.035945987701416014
0 0.05718101218894676 0.54036551228276 0.07493838714474013 0.061630086545590976
0 0.628820292154948 0.1055085152387619 0.06433207194010417 0.03033800721168518
0 0.9532848782009549 0.3712605953216553 0.07304517957899305 0.028179454803466796
0 0.7219901190863716 0.5785774230957031 0.041051228841145836 0.034354019165039065
0 0.8988602532280816 0.42703542709350584 0.03689337836371528 0.036931419372558595
0 0.38521448771158856 0.1512773871421814 0.07382337782118055 0.050405359268188475
0 0.5057060241699218 0.7720690727233886 0.05897572835286458 0.047926139831542966
0 0.9823243882921007 0.849250602722168 0.028353203667534722 0.03609962463378906
0 0.4733007328991045 0.9469501636646414 0.08632034490137917 0.07022004304108798
0 0.224416012234158 0.48610658645629884 0.0648922390407986 0.03489112854003906
0 0.7566705491807726 0.10061350166797638 0.0501739501953125 0.043729346990585324
0 0.7233284844292535 0.8858064651489258 0.05539652506510417 0.04819488525390625
0 0.762456766764323 0.9285837173461914 0.07634514702690973 0.04037055969238281
0 0.156565433078342 0.09028696417808532 0.057925245496961805 0.05275861024856567
0 0.40470682779947914 0.16907970905303954 0.07449306911892362 0.03088984489440918
0 0.8053431193033854 0.595856761932373 0.04042833116319444 0.04091167449951172
0 0.6916019015842014 0.2384871244430542 0.03068152533637153 0.03296217918395996
0 0.38393961588541664 0.9634331703186035 0.06374918619791667 0.06744651794433594
0 0.6532115512424045 0.8355918884277344 0.07698720296223958 0.049367523193359374
0 0.8986602783203125 0.24728600978851317 0.04389580620659722 0.024620580673217773
0 0.7376358032226562 0.981045913696289 0.049178398980034725 0.03692169189453125
0 0.7733352661132813 0.6047870635986328 0.04133572048611111 0.03783483505249023
0 0.620607418484158 0.9425872802734375 0.0751068115234375 0.034282684326171875
0 0.7654154459635417 0.8306096076965332 0.03534511990017361 0.03820533752441406
0 0.3698481241861979 0.4572476863861084 0.058604600694444446 0.04882040023803711
0 0.8278101603190104 0.9767523765563965 0.05655856662326389 0.045864295959472653
0 0.5521409022955248 0.016937833362155486 0.0654178195529514 0.034222888946533206
0 0.8631320529513888 0.35074896812438966 0.03566741943359375 0.02908611297607422
0 0.5492743598090277 0.729739761352539 0.04286414252387153 0.040874481201171875
0 0.7441051059299045 0.21497154235839844 0.04861585828993056 0.026790523529052736
0 0.7176464504665798 0.11091364622116089 0.05712924533420139 0.037554168701171876
0 0.6911938985188802 0.6217767715454101 0.0333465576171875 0.024595260620117188
0 0.8361070421006944 0.7323922157287598 0.061885240342881946 0.04230308532714844
0 0.3298459724143699 0.17777991736376725 0.09750970126179473 0.06689386897616917
0 0.9867743598090277 0.7901103973388672 0.026103719075520834 0.02691230773925781
0 0.3552393595377604 0.8262364387512207 0.06455858018663195 0.05463848114013672
0 0.9323382907443576 0.7914945602416992 0.052843729654947914 0.025131988525390624
0 0.9066774156358507 0.4585050106048584 0.0456024169921875 0.030581855773925783
0 0.7394866943359375 0.30712645053863524 0.03432108561197917 0.031159639358520508
0 0.22090013292100694 0.44940767288208006 0.06619915432400174 0.06100482940673828
0 0.8480904473198785 0.16174705028533937 0.04409654405381944 0.04023475646972656
0 0.8075553894042968 0.8153348922729492 0.05671268039279514 0.07400169372558593
0 0.12618899875217013 0.24287056922912598 0.09377526177300347 0.02643899917602539
0 0.3821940104166667 0.9917282104492188 0.05643039279513889 0.015570831298828126
0 0.89783935546875 0.10016774833202362 0.04824473063151042 0.03033319115638733
0 0.5480634901258681 0.04760911166667938 0.04593268500434028 0.03606851696968079
0 0.6420076158311632 0.4896371841430664 0.03618096245659722 0.034567737579345705
0 0.17620011474860547 0.3780495749579535 0.09615944128468198 0.03903973897298183
0 0.9174123975965712 0.9321371078491211 0.03689812554253472 0.04003829956054687
0 0.7607826232910156 0.6287473678588867 0.0407655504014757 0.04279136657714844
0 0.6581166585286459 0.08299365639686584 0.05493147108289931 0.03975862264633179
0 0.7213097466362848 0.236505126953125 0.045638359917534725 0.030351829528808594
0 0.6467466566297743 0.4454665660858154 0.03345709906684028 0.03224372863769531
0 0.9016628689236111 0.7724746704101563 0.031871202256944446 0.041220474243164065
0 0.16026985419630502 0.4305152469211155 0.0827524726773485 0.07068246912073205
0 0.9764289008246527 0.8759729385375976 0.03805881076388889 0.018716049194335938
0 0.13271604938271597 0.03877314814814814 0.09259259259259259 0.055555555555555546
0 0.1862139917695472 0.2349537037037037 0.0637860082304527 0.04976851851851851
0 0.26337448559670773 0.6446759259259259 0.07407407407407407 0.04745370370370369
0 0.8271604938271604 0.46296296296296297 0.06995884773662561 0.04513888888888893
